# Coordinates converted from ../HST_Guido/30dorf814drz.fits
84.72292461521654161061    -69.09710313802588643739
84.65363565135697854203    -69.05990229052478923677
84.67052073632507358525    -69.07358201201608949305
84.66058608220463099769    -69.07854670669746610656
84.65417279226636537715    -69.07863031382970575578
84.64472183255986692529    -69.08598023436776713879
84.64994013439040543290    -69.07607737009841741838
84.68643145458773346945    -69.07225415462197304350
84.69264863570047907615    -69.09214287102740570390
84.65180254144030413954    -69.08050527009979191462
84.71688007560128141904    -69.08002088867191048394
84.66080232584404541285    -69.06789974269825904685
84.64492247513416600668    -69.08124341106288568426
84.64794949889943609378    -69.07564453586941510821
84.67489338321148295563    -69.06506485233467174112
84.66548627397929749350    -69.08044818433781131262
84.69987241838938984984    -69.09161426624729074319
84.65952215385583201623    -69.08027237973904277624
84.66518599526351351869    -69.06751119047753206814
84.67340150029916401309    -69.07569936464507520668
84.67340089361782418109    -69.07569936458648385269
84.67138221665474873134    -69.06314180754259268724
84.66138635062904427286    -69.07765482511562993295
84.64327852111411232272    -69.06646933504933372205
84.65443974518557013198    -69.08331600329709942798
84.66372992635419336693    -69.06824590724173162926
84.65955478877512518920    -69.07971306046718495963
84.66184697800852632099    -69.06363916700306049279
84.66213853330881988768    -69.07110988157319297898
84.64823923925565907211    -69.07561795655500702651
84.66691244601557286842    -69.07597757332517574014
84.74516804880104814401    -69.07898247463276675262
84.66308206256751134333    -69.06318252342778407638
84.67744425230975480190    -69.06647447444940723926
84.65460080649449992052    -69.06627595935178476338
84.62585930525304434013    -69.07970670904173005056
84.65984918381145973854    -69.06839975301060974289
84.63956704868607516801    -69.06495129296332891045
84.71056283172144674154    -69.06791399388347940658
84.65658223749812805181    -69.07963060792033616053
84.65918851052154536774    -69.08127884532957807551
84.64757413812448305634    -69.08119327802393172533
84.65684415915075078374    -69.07536124147853229260
84.67201634970081158826    -69.06362363345697019668
84.66494027972662195225    -69.08244945569816763964
84.63228443769143893860    -69.07874427917722925940
84.66112811028504836486    -69.06505247265414482172
84.66149839097911922181    -69.06778751797614290808
84.66813528243982034382    -69.09294251731769520575
84.64712921706686188372    -69.08047545908998188224
84.65629094232733109493    -69.07551410048071716119
84.61895579434633418714    -69.06596656007972967473
84.66085433233622836724    -69.08625196145837321637
84.67212146353223545248    -69.06373078609860272081
84.64920751820460509407    -69.06974337988383183529
84.66085473403141747895    -69.07956616925407899998
84.63498520793409340968    -69.07896389044358897991
84.66586740419104728517    -69.07874913818851325686
84.63905248228604705218    -69.06601605795970044710
84.67200780592712305861    -69.07218521587256532257
84.66449184013382023295    -69.06809034711186257027
84.65707261876296740866    -69.07936582758273402760
84.66851835506805912246    -69.07844929847227888331
84.64453691147429026387    -69.06717297299849178671
84.65998687154433355317    -69.08300029516364304527
84.63501731858644916429    -69.06423836266705507114
84.66039795296165948457    -69.06689845673589900343
84.67887953896980945956    -69.08763294010756794705
84.63055124108643667569    -69.07672110395959919060
84.65638713632506551221    -69.07628155276218251402
84.63416256883624555485    -69.08616703585870766346
84.63901776941276011712    -69.09201746321124915085
84.68718425370822444620    -69.06025267757506469479
84.67516457334609469854    -69.06486521765584996047
84.65988492455647929091    -69.06975392604796581963
84.62237497008943876153    -69.07542577052227272816
84.66264471075587039195    -69.07669075504207967242
84.66799489531338451798    -69.07314436527562406809
84.67340725323684580417    -69.09613796532475760159
84.65813915381332321886    -69.07198766122324684602
84.64742039765533831996    -69.06756847900487628067
84.65563557691359619639    -69.07696650413338090857
84.69148902014499924462    -69.06114395245342052476
84.69906397624038163485    -69.06214731953340901782
84.69371469430201671003    -69.08991681805399309724
84.65695380634423372612    -69.07808172960872639123
84.66957181879541849412    -69.07375306844190276934
84.64859739912431280118    -69.07550201824116697935
84.67023189776595870626    -69.06729052054782869163
84.66465140241842846081    -69.06672732069803544164
84.65138159235621628795    -69.06663731549909357454
84.64029394043498655265    -69.06435458815188610515
84.63934279535827442942    -69.07907150577213428733
84.62257335505177024970    -69.06458405989084781140
84.64805353217327876791    -69.06598740126642610448
84.65099795116421432795    -69.06650842043241311785
84.66178956122504928317    -69.07173891631329354368
84.62810798950320645417    -69.07297418102436381560
84.66600223493104238059    -69.06229418980903744796
84.65069475007612709305    -69.06802306815940539764
84.76078261720621753739    -69.09640824300099382071
84.75985984096256231624    -69.09743854596693779513
84.75713452173168604986    -69.08462715096325723607
84.75635267508189940600    -69.08699042248784394360
84.75617160053685950061    -69.08913679332560775492
84.75612708126563177302    -69.08916963547754619412
84.75445166061417978653    -69.09743513370787582062
84.75410109967059213432    -69.08297156700359664683
84.75320471609080641429    -69.07960121424919464062
84.75298742682230113132    -69.08833729790916322600
84.75161064393878973533    -69.08411853695696436262
84.75053417407356448621    -69.08254321061269820348
84.74998526898588124823    -69.09506489950187813065
84.74901884580962985183    -69.08401772175253086061
84.74854802532613007315    -69.09088123534803571602
84.74855334491367386818    -69.09491285986561592836
84.74678330107262524962    -69.08297056641454503279
84.74669272837212474769    -69.06908258303282366342
84.74626556144374944779    -69.07798360996494579922
84.74584985049885688113    -69.08306425575476339418
84.74564837887047019649    -69.07136745873785343974
84.74505114401918604017    -69.07085480106412944679
84.74482638709925197418    -69.08502314439036240401
84.74455511139207430915    -69.09039320742314771451
84.74405545791157123858    -69.08534513875906668545
84.74375502949284566512    -69.09511560248242290072
84.74343810175484748015    -69.06864541826368508737
84.74348917081218246494    -69.09913344465340401257
84.74342609785634294894    -69.09183168751471271207
84.74295498866339926280    -69.08920583258752401434
84.74268570295919289492    -69.07947053739763987323
84.74212433686226120244    -69.06515467117282014442
84.74206883703044468348    -69.08097341760911547226
84.74196601522798744099    -69.06896816183402165734
84.74161105341102029342    -69.07598079590925976845
84.74158511768936818953    -69.09420875884481461071
84.74108993817064572340    -69.09277273141006503465
84.74076811246348484019    -69.09105660969115092485
84.74051113251202593801    -69.08900799322738350838
84.74035025425243361497    -69.07488201981738029644
84.74023230105811421708    -69.09408208449760024905
84.73998131047621029666    -69.09278887404808244810
84.73938387258931470569    -69.07933404328885274026
84.73923372306724388636    -69.06139581534205262869
84.73929088697767042504    -69.09086236467059904953
84.73905125907717206246    -69.08010363046243185181
84.73864727772875937717    -69.06336949123210899870
84.73812123134392493284    -69.08489071140223813927
84.73791323974768374683    -69.08899844551727653652
84.73792865630404946842    -69.09742699288185008299
84.73772104304323704582    -69.09384219168447316406
84.73759533572305713278    -69.08461818281597288660
84.73733247752865338498    -69.07265792743245924612
84.73724495448603022396    -69.08903405555140864180
84.73713822110792648346    -69.07146263057737201052
84.73716386387918930723    -69.09535142907941462909
84.73685743799146052879    -69.09885934674041152448
84.73677860209569701055    -69.06524666925656674721
84.73679074176151004849    -69.07888594407236837469
84.73674250356627624114    -69.07746429851967207014
84.73663516426360331479    -69.07606379401869389767
84.73639689765731475291    -69.07914854262969583942
84.73581797771066703717    -69.07752705596297460033
84.73582033221360632069    -69.08010289761475064552
84.73499339961368548302    -69.07455904825714299022
84.73499764279213763984    -69.09154030083806219409
84.73472110125354106458    -69.08693490545707049932
84.73449779365861900260    -69.09518075656957591946
84.73391388832560267019    -69.06291836719550758517
84.73388953341722640289    -69.08315591075044892477
84.73391487861138671178    -69.09700534838638930069
84.73373529902298173511    -69.08615223403506888644
84.73339328872276610127    -69.06839735044400185870
84.73298953928573951089    -69.08533060540580095221
84.73272827688683150882    -69.06077312446103633192
84.73232157679194642697    -69.08752062163698326458
84.73205861701724472823    -69.08729762782611771854
84.73143703862010056582    -69.08873698741702185089
84.73136871355001176198    -69.09450239638043456125
84.73135518441260671807    -69.09232316601786294541
84.73128723717303500962    -69.09927189975907424468
84.73122268698116954511    -69.08418855483868981082
84.73073454655683178771    -69.07560921133114106851
84.73056533336162488013    -69.08775851190843297900
84.73028474856329239628    -69.07728837605615979101
84.72992926188408091548    -69.05734753981656126598
84.72985190197134386381    -69.06931319234669786056
84.72983275287280946486    -69.07529460611270621939
84.72972590352382837864    -69.07742760623649758145
84.72973852692120999563    -69.09057309718112094288
84.72954213079188434676    -69.06973392235539677131
84.72948730563433628049    -69.06741375963804330240
84.72946676508989582999    -69.07385569868824859441
84.72949902964599289135    -69.09208786925732681539
84.72923836806738506766    -69.07775044335460279399
84.72916718497117471998    -69.09545592056331031472
84.72909447839485608256    -69.07361907546251700296
84.72873455506989159858    -69.07402324041382257747
84.72864430386798062500    -69.07650853615479036307
84.72855725519769976017    -69.06944998794691059629
84.72838506213669518274    -69.08385034549874603726
84.72792071133549995920    -69.08065753976917733326
84.72780904292871184680    -69.07555268022537120487
84.72762642944420008462    -69.07449094516154275425
84.72749856420588798755    -69.09140625062190110839
84.72717909131617375351    -69.09669201215731959564
84.72710764076836653658    -69.09448581910315567711
84.72692956020397048178    -69.07045275417733876111
84.72671789617150750473    -69.06829122429633116553
84.72671730941141277071    -69.07879988423783856888
84.72656985991378064682    -69.06171607195688011416
84.72650887889575699319    -69.07916035371715679503
84.72645761873069147896    -69.07497566397935884197
84.72630123098943499826    -69.07359022190631492322
84.72595488698188148646    -69.07657032851864187251
84.72561053793856444827    -69.08755323510347068350
84.72488606093378393780    -69.08030826610763597273
84.72481187370490829380    -69.07505584710798984815
84.72482955426181661096    -69.08617658667722594146
84.72450246736249823698    -69.06830988374761659543
84.72398324710566441809    -69.09798314036210342692
84.72372809129730342192    -69.07507025502202679945
84.72346953012934989147    -69.06744558811674039589
84.72346870123291751042    -69.06849122170572741197
84.72339301502685771084    -69.08508942173388334140
84.72331351419370548683    -69.07771453626064328546
84.72322820014549904499    -69.05627170129127989640
84.72319087408548909934    -69.06765180055876385268
84.72292816765792622391    -69.07222026825124316929
84.72278679188052308291    -69.08739335539247861107
84.72273367214549466553    -69.08779484889271316206
84.72246926479252238096    -69.06586151339837442720
84.72247083341825657499    -69.07838062270236889617
84.72230405568578248676    -69.07493792874639382262
84.72222538231085309235    -69.06847011787520784765
84.72216652781418133600    -69.08105423860172322748
84.72214636898029027634    -69.07083429123289874951
84.72205791772545069307    -69.07111304946147356532
84.72194765093290413915    -69.09803163071180165389
84.72167479547329094203    -69.09350334774411805938
84.72135713001921430987    -69.08367627186139259265
84.72083573352939822598    -69.09979105873269134008
84.72064710139659382548    -69.08848022541599220858
84.72051213385000778544    -69.08528365749029376275
84.72030484946716910599    -69.07847743515712579665
84.72014892795729679165    -69.07848862092838260196
84.72007174495008996473    -69.06624415007863149185
84.71986922017924825923    -69.06803818553504470401
84.71947579927180527193    -69.08214780477540273296
84.71919162608382691815    -69.07952174471134298983
84.71849872566517092309    -69.07536359401458980756
84.71827375410506988374    -69.09166097412970941605
84.71822997851316472406    -69.06595456276600941692
84.71782903331545355741    -69.09547947180284666047
84.71773520563077397583    -69.09043960349693236367
84.71757150590629237286    -69.09856343826352542692
84.71739370786043821226    -69.07878808242990942290
84.71729222309497231436    -69.05455934801875628182
84.71719209725985422210    -69.07816725607709429369
84.71717170494807191972    -69.06930970865431618222
84.71710277108071807106    -69.07315533646335836693
84.71695083688746308326    -69.07021432684589967721
84.71676851074245462314    -69.09871003183488369359
84.71647549619834194345    -69.08667651865120262755
84.71635522055167655253    -69.08332188691419162296
84.71621923758249295133    -69.08126173256611934903
84.71579598462903959444    -69.09286646391426245373
84.71559990369163983814    -69.07212672532622832478
84.71548417791764507001    -69.09310018543274622971
84.71535782171265793750    -69.09094664574229227583
84.71515268231742368243    -69.07620565000489420981
84.71503183636984601890    -69.09628178522677899309
84.71495557652288255213    -69.09251027965538582976
84.71494099614474748705    -69.09090391507086792444
84.71491993277139442853    -69.09053330978238705029
84.71491958766175400797    -69.09316342655174025822
84.71479856537196440058    -69.08629099382514482386
84.71459580662860844313    -69.06681258018723212899
84.71440283330385057070    -69.09392963403269050104
84.71433101083627548178    -69.09158780252603548888
84.71423729222658494109    -69.07411473148449942983
84.71372152613140826816    -69.09725090434369576542
84.71365086007260458700    -69.07344444653750770158
84.71349324456213025769    -69.08655399393025220434
84.71284810447434665548    -69.07092721342912966520
84.71283866090733738474    -69.09038117396697487038
84.71268153671393008608    -69.08462945290497714268
84.71222120760667451123    -69.08196407958843110464
84.71210918231389541688    -69.08400801914483224664
84.71207888518948436740    -69.08465802307112824110
84.71187305635361042278    -69.08518584942001439231
84.71187169882151124511    -69.08473821624006916409
84.71183930464371769631    -69.07294841143090025071
84.71183027729776426895    -69.09554598831820726446
84.71118368121851460728    -69.07526509365222011638
84.71097306444373487011    -69.09195062010667243158
84.71039753589174381432    -69.08514399758381330230
84.71039549894904041594    -69.09305731460732147298
84.71026248676608361166    -69.07726850488667480477
84.71023706349107840197    -69.07634745784235974497
84.70991497372449430259    -69.09777702077917638235
84.70989285716518679692    -69.07444841464074158921
84.70988155006797626356    -69.10142883267171498574
84.70981611252334175788    -69.09188185739600385205
84.70976935146386210818    -69.07707865400904267972
84.70961358410438890587    -69.07725688020710208548
84.70950804699815250842    -69.09023804264138846065
84.70945719272947371792    -69.05692695654516910508
84.70941612453573554831    -69.07626316093298157739
84.70934336151991317365    -69.09176826958763228959
84.70921287680388900299    -69.07937115891600399209
84.70914519112609752938    -69.09634504998241766316
84.70900504879887193965    -69.06537960671769837973
84.70893291754732956633    -69.07840052329338220716
84.70893387482963987622    -69.09319560683259453526
84.70886402470304687995    -69.10126753067513050155
84.70884754699272889411    -69.08601614962007886334
84.70870822262939725533    -69.08989363157036223129
84.70840268044570109396    -69.09003633956065471011
84.70819002101981709529    -69.07557007013193128842
84.70816173653966529855    -69.09633638170251401789
84.70800351096974623033    -69.08300489837911584345
84.70789599775348222011    -69.06692217587932702827
84.70752894290663448373    -69.08605648086360417892
84.70748042976525482572    -69.07432745211178826139
84.70742072389421650769    -69.09460529181363597218
84.70739679081574990960    -69.06869586051145404326
84.70717054479484886542    -69.06517938332353878650
84.70718787305398222998    -69.09307467364028809698
84.70715740062742327154    -69.06194455143194943503
84.70698669457686946771    -69.09006887702106780580
84.70689251853761447819    -69.10019469413613535380
84.70685729182099521495    -69.08245598131757958527
84.70681423338864135530    -69.09000302731477916041
84.70679607151757295469    -69.08809062075516749246
84.70663549457410113064    -69.09046248637301346207
84.70631745326825523534    -69.07427231653893784369
84.70611254268828815839    -69.09507601939834842142
84.70584609113579688255    -69.08559297762435846835
84.70571652680251872880    -69.08815864788054739165
84.70553615841402006481    -69.07435678065900219735
84.70547616039446836567    -69.09977471084611977403
84.70516041942100571305    -69.07227659753635862216
84.70493980508086906411    -69.08677865882522439733
84.70483747020891485136    -69.05713520139418903909
84.70479901604865347053    -69.07694785414592786310
84.70480721915866695326    -69.09895631151204042908
84.70477554763090211054    -69.08443054800122240522
84.70460563627868566527    -69.09266075415213492761
84.70458801014429184306    -69.08898847238474161259
84.70423459047751180151    -69.08180643528990572122
84.70418819509741581442    -69.07904058073347641766
84.70411972008444934090    -69.07729836966991854297
84.70411165924920737780    -69.08315086212348887784
84.70409752265162239837    -69.08240271327039749849
84.70404572642978280328    -69.09437214241590652364
84.70374968055064357486    -69.07401589963075139167
84.70374917301334960484    -69.09205632481982206627
84.70362996757094720124    -69.09221135930981461115
84.70344370767732300465    -69.06672270721271900129
84.70331141108745498514    -69.09452310917825457182
84.70317175638230366985    -69.09957145286547586238
84.70283600145022262495    -69.09405731202936351565
84.70235890123932165352    -69.08518473883211186148
84.70233657934126370037    -69.05687583273774521331
84.70225503125823252049    -69.06280557134583375500
84.70215920332876180510    -69.09335850294057479459
84.70201012038207011301    -69.08778454689642956055
84.70175564152529545936    -69.06378418121069273639
84.70157316356562660076    -69.07762876012840536077
84.70134537123128382063    -69.08062798370134771631
84.70101770323388734596    -69.05833928895083317911
84.70102114859861330842    -69.07664892142106793926
84.70053448643851368161    -69.07521559361062202242
84.70036820511739961148    -69.08920100378614392866
84.69976762264793990198    -69.08806223899154019819
84.69960605316096291517    -69.08298943144865233990
84.69941466567060217585    -69.06624544209158500507
84.69941743635138209356    -69.07692700017067011231
84.69939605287132167177    -69.09567603439110428099
84.69935162066396117098    -69.09187960369705194807
84.69918636448819881934    -69.05904952165171550860
84.69909645323264157923    -69.07393105912005637492
84.69887367141353706756    -69.08255267083427497710
84.69866295955291946029    -69.08913393154320203848
84.69860886038587466373    -69.07119880926488519890
84.69823020700930271687    -69.08287878619849209372
84.69791791800997771134    -69.07602899250100847439
84.69786900443881449974    -69.05808639554896899426
84.69784590316409378374    -69.07230048747419459687
84.69781989594615367878    -69.06486557219832889132
84.69779592960620107078    -69.07164453142200954971
84.69777191390994630638    -69.09628159044827100388
84.69775280231137060127    -69.09290061653956627197
84.69771258326544227657    -69.07869898519258811120
84.69768018299882328392    -69.08406614500030684667
84.69765475449359826143    -69.09292412926640736259
84.69752617509897163472    -69.08802866011275511937
84.69725845567778321765    -69.05774993916428172724
84.69709249330426814595    -69.07877105358140568114
84.69708528140004943907    -69.07523375386429620448
84.69699283000252876263    -69.10109660669583320214
84.69653695278842064909    -69.09793199169098443235
84.69650308047873465966    -69.06569188541594428443
84.69633682656501605379    -69.07059234980926021308
84.69590616614686950925    -69.07390454846058958083
84.69572406804961417492    -69.06768437973673258057
84.69553891496285302765    -69.07895776903475848485
84.69544265806898408755    -69.07251670545082333774
84.69516151766462996875    -69.09961900496138298422
84.69507448467579990847    -69.08704540835282159605
84.69502498840715531969    -69.10015580060301942922
84.69486843222355787475    -69.07349768101423137523
84.69483407917024919698    -69.06626643215820138266
84.69477512878616209946    -69.07542200862648940074
84.69472920060907483730    -69.08327693490454635139
84.69471387239074999798    -69.08960100189537456572
84.69465577483103402301    -69.05905100433112409064
84.69460957727535799222    -69.09882212074356289122
84.69447544578795827874    -69.07697443336309106598
84.69431288231335486216    -69.06637499603624519295
84.69431471675392231191    -69.07723281247599800281
84.69401960192875833400    -69.09241844441748980898
84.69395019736025176371    -69.07286070459417715028
84.69382717807154392631    -69.09091684054770610146
84.69382191270051407628    -69.10248629787378149558
84.69374837405003120239    -69.10225089119815322647
84.69370926458978487972    -69.06682784345045433838
84.69366227315865103265    -69.07594420262614676176
84.69354319492826732585    -69.09553964635611578160
84.69346538055307860304    -69.07005054843996560976
84.69318781986021349439    -69.06953152882969959592
84.69274533688890471694    -69.10073110203913415717
84.69273191526549737773    -69.06863432004752212379
84.69242587269546618245    -69.07895469953770373195
84.69221576088240510671    -69.05629234521931891777
84.69219686416164449838    -69.10060435994036254215
84.69207948317654199855    -69.07657061241376084126
84.69199395393086149397    -69.08008158842791601728
84.69197930352149228383    -69.08583192190100419339
84.69183129777144358741    -69.07605809024005338870
84.69175973979137950209    -69.06512281625300886390
84.69146524198622216772    -69.08182565208269920731
84.69124442498291216452    -69.09385704516215298554
84.69038210267071065118    -69.06958745799288124090
84.69032730927678187527    -69.07601162469084954409
84.69032564469733870283    -69.06606543324426183972
84.69032494031999647177    -69.05945818378353351363
84.69003855651666867743    -69.09402171631815292585
84.68999666377635548997    -69.07225852503108853853
84.68977955758202824654    -69.06712645002848205422
84.68973607679622261912    -69.07709365813127533329
84.68952468852660331322    -69.08860158258613637372
84.68949411129952409283    -69.08521562423088369087
84.68944761936906218125    -69.06355924948513802519
84.68944297305750978921    -69.06744386591982731716
84.68926212095932726243    -69.08028526508175559684
84.68921677345299769968    -69.10117658877523183492
84.68889385647474910002    -69.07893434643861496625
84.68855840879122354181    -69.07746545228440027131
84.68796262387175488584    -69.07394320459546577240
84.68787014051798678338    -69.09549362801580230098
84.68778226026388722403    -69.07585647735227496469
84.68775444264650786863    -69.05722379469223426440
84.68770889871784390834    -69.09280544279579316935
84.68769551918393290180    -69.07859763454220569656
84.68756580825041169192    -69.08556303272908394320
84.68756017334466434932    -69.05987340837097576696
84.68746648149063105393    -69.07846936465013243378
84.68730703890149413837    -69.07243779558159246790
84.68679464104994281115    -69.08784982836799315464
84.68675967383454405990    -69.09853387703849136869
84.68668930758565238648    -69.05784691069840164346
84.68667129175747732006    -69.08667321771257263663
84.68657650041646434147    -69.08149997422088972598
84.68653118911568355998    -69.06106874053770638966
84.68638144117954880130    -69.06840008699282407179
84.68633205832543353608    -69.06088326974973767847
84.68628693024058406991    -69.07496952653778521380
84.68623599352672215446    -69.08542932541223535736
84.68621244701402872579    -69.08470912490172111120
84.68616741404838421658    -69.06632279076491442993
84.68611157251862664452    -69.06319076469830520182
84.68600886144733408400    -69.08282585363645011967
84.68573154961613624891    -69.08733316359351306346
84.68531444504915839389    -69.07500373609420307730
84.68531573175945936782    -69.05763725373620331993
84.68521184271298807289    -69.05731170924791229027
84.68520321300429998246    -69.06904929976842311135
84.68514934599481591704    -69.08772596480423544563
84.68498175703196295672    -69.07471491003011010434
84.68490206947474518984    -69.08085654102612238603
84.68469279797665194565    -69.08301875968955130247
84.68460711240709315462    -69.08348534868697754519
84.68454534123443977478    -69.10244606216812712773
84.68436838912202802021    -69.09611224057377398822
84.68433323392618206071    -69.06888969826631807791
84.68432023668371755321    -69.07106622279061980407
84.68418013337499417048    -69.08472845974907272648
84.68408880656728854319    -69.07230197329836585141
84.68401501026275468575    -69.08930770400317555868
84.68400794589025792902    -69.08961168708144384709
84.68379354038978590324    -69.08357870455711235991
84.68372207884550562085    -69.08622181861079525333
84.68369613447147514762    -69.08673596765449076429
84.68357194475080973461    -69.07660549638785596471
84.68354837521043521065    -69.07114311219287117183
84.68353505472217079841    -69.10189883556935797060
84.68329255817576495247    -69.08056257739006866814
84.68328334155953029949    -69.06906331873778981389
84.68313178891631309853    -69.07367192101661146353
84.68309534697014839821    -69.08632427790195151829
84.68306424412955379921    -69.08487239332740159625
84.68303731363744191185    -69.09130739210488059143
84.68303695043901768713    -69.08290581722717149660
84.68296521189652992234    -69.09841362198831404839
84.68293458659042016734    -69.07382422968341018077
84.68289551332688347429    -69.06336789505211015694
84.68288965382249955383    -69.07862707784254041599
84.68280723514730823354    -69.05707058368886919197
84.68276287806988023021    -69.07667685587122718971
84.68264220116641638469    -69.08192278410599840299
84.68257928303052040064    -69.06254314006721983787
84.68254278236744880815    -69.09052477138743597607
84.68254702584451365510    -69.07003590500427492316
84.68250053095039220352    -69.06677138640506541378
84.68248854083525145597    -69.07786775243312149541
84.68248127778701928037    -69.07781575211504332401
84.68245389113954502136    -69.07365466756922955938
84.68228376421299685717    -69.07528811001070323528
84.68227410440981373085    -69.07515507624279393895
84.68213064665587808122    -69.09283571957942626796
84.68211838843753014316    -69.07376363583344414110
84.68173519979269769919    -69.08288149287120916142
84.68169323579171248184    -69.08551669917922311015
84.68168087013394540463    -69.07572899853573744622
84.68150826514930429312    -69.08121683179581395962
84.68149571980647749569    -69.09633420577156925901
84.68148492403399529849    -69.07803865561555767272
84.68147535904984124500    -69.06363996372364510989
84.68144938490752338112    -69.09913570319616837878
84.68145681027516502581    -69.07389327919874233430
84.68138232402510823249    -69.08898638382329693286
84.68134221009395901092    -69.06992112348864054638
84.68127920973158495599    -69.08115528698732532575
84.68118315855761579769    -69.08535005709669007956
84.68113868843182956425    -69.06625500487511715164
84.68107164393816788106    -69.09090213457668028241
84.68101487831239637671    -69.08424970671381970533
84.68095531038665058077    -69.07932454522405407715
84.68091722772612683912    -69.09433986798875082513
84.68090894521225209246    -69.08138818446120410499
84.68086718255911193864    -69.08476428226006760269
84.68072235148915183345    -69.07205504109674620850
84.68064464677706837392    -69.06083636234438927204
84.68062338349450612895    -69.07298659405236662678
84.68051068528785663148    -69.05937992180150786226
84.68042501424471879545    -69.08411133318742258780
84.68036808416303529157    -69.07418008825909794268
84.68035131637078904987    -69.10329932782403261626
84.68031832000946224071    -69.08795196052331277770
84.68013485393443318117    -69.07412991668731194750
84.68012158276654588462    -69.08069079931829037378
84.68007024831727846959    -69.07211935462979113254
84.68005467440259792511    -69.08304368714475174329
84.68004427953304968923    -69.06919803648933964269
84.68002181567403852114    -69.07191308515665184586
84.68000371392676584037    -69.08566361752697559950
84.67996056308845709282    -69.07916859830028499800
84.67989982740918719628    -69.07600461137276681711
84.67984613560162188151    -69.07011409154004866195
84.67976073188306429529    -69.09387711134601772756
84.67975957878013559821    -69.08141682812859585283
84.67970349934417129134    -69.06258762500051773259
84.67952953660108050826    -69.09294499746518170014
84.67949748573792589923    -69.08571710399708365458
84.67940061328073397817    -69.07330751460665396735
84.67906013064589387795    -69.07608071827718276836
84.67885295307961257549    -69.08858432170771379788
84.67884670304384542305    -69.09132017124031222011
84.67880088283827433315    -69.08298001832541501699
84.67878919896114098265    -69.10106139173748829307
84.67864444178140104214    -69.06692002467384838837
84.67851732987335822145    -69.07803588287416118874
84.67841457577902986031    -69.09507421747898092690
84.67839155303435916267    -69.08753529950232064039
84.67828581626062600662    -69.08435061732477322494
84.67827138539438180942    -69.07899894960566200552
84.67811792997416375783    -69.09007699743253283486
84.67808607744454718613    -69.09394612008861713548
84.67802024677270367192    -69.07721544058009044420
84.67794359333501574838    -69.08916481864011416292
84.67794233168893924812    -69.08429111856281679138
84.67789212728989411971    -69.08727678170605202013
84.67784316683031420325    -69.08034506985698897097
84.67783345046599663419    -69.09674381054428238258
84.67779848906003792308    -69.07884984999783739568
84.67774467590716369614    -69.07959604617977333874
84.67771143749853024474    -69.09017056884502494540
84.67764012932646267018    -69.08851512209004397391
84.67754006136041766695    -69.06221893163429115248
84.67749724247123310761    -69.10221093581426998753
84.67719256737470345797    -69.08207098928104983315
84.67710587790710974332    -69.09325401604989735915
84.67688941103291710988    -69.07147856625351778348
84.67682870188896515629    -69.08468363680610480060
84.67671904925701653610    -69.09285694494411700362
84.67666793413322068318    -69.07510045757148020584
84.67659905261322705883    -69.05778596948820791113
84.67654939242747502703    -69.07500067332750859350
84.67644831679814387826    -69.06971410701353875083
84.67640542672326375850    -69.09094353714763769858
84.67637447341564893577    -69.07922435962247220687
84.67636067273109290454    -69.07361583342473920766
84.67614342853069331341    -69.08619981625507477929
84.67605432643172491680    -69.07314141715012567602
84.67597839873096177143    -69.07093021928487530658
84.67595016591343437540    -69.07806884208393682911
84.67594193967636329035    -69.08332322485374277221
84.67586022535780898579    -69.08063860976172065875
84.67575713529214453956    -69.07166784274639326213
84.67545869272181846554    -69.06619947611034149304
84.67526996032454178476    -69.07407139334868872993
84.67520016982885522339    -69.07096882897890566255
84.67516851318633541723    -69.09533450969415468990
84.67516904034030744697    -69.07708229306066982645
84.67513187631180926473    -69.09027057336587063219
84.67513942034555896043    -69.06753075708046196723
84.67489942898374977176    -69.07961304463478313664
84.67489307381887897463    -69.08178902746352889608
84.67482947251735936334    -69.08775114694896046785
84.67475907286248570927    -69.07029062372768635214
84.67470230659715468846    -69.07297652703989854217
84.67468070394163248693    -69.07524285849116552072
84.67460537747639648387    -69.07754276847957441987
84.67454860746391887005    -69.09566303006978671419
84.67446516669423317580    -69.07633787249153556331
84.67443707757763604604    -69.07744655331103444951
84.67437415536221578805    -69.07974906432859540928
84.67433041506576785196    -69.07303531851226807703
84.67431116144274483304    -69.09738128344902463596
84.67424973937376364574    -69.06248331960483710645
84.67403863479060532882    -69.09010743364201800887
84.67404850999771781517    -69.06655652588042926254
84.67403743116778969124    -69.06719677484061037376
84.67385465586096415791    -69.08974124979201292263
84.67386299752395473206    -69.05783470072138641171
84.67378347221639955933    -69.07028316770214360076
84.67363427874913384130    -69.09016134561070998643
84.67363458293021949430    -69.07716697871985900292
84.67362895056506033598    -69.08429737005096171742
84.67356026960770520873    -69.09574722171585392516
84.67358768753544495667    -69.05756481631253507203
84.67354089974816133690    -69.06296251975025768388
84.67346060528306850301    -69.07696622038325529047
84.67345449677024760149    -69.07059491965648589940
84.67339459529426903828    -69.09761443900481481251
84.67339128888472998824    -69.08796768063177751173
84.67339521487456011073    -69.07078525560315540588
84.67336600428149040454    -69.07131175278257728678
84.67335855278223277764    -69.07074061872043557742
84.67332883428136369730    -69.09664679937309017532
84.67322351068931141072    -69.07045688057785071123
84.67317622408378952059    -69.07556143438978324411
84.67307566376177874190    -69.08793406650266888391
84.67306341585158691032    -69.08061831512981143533
84.67302673326811657262    -69.06139596976885286495
84.67301426560160848567    -69.07670357681733719346
84.67301455214304439778    -69.05872891043524930410
84.67294700783041605519    -69.07347447839580922846
84.67290582055227332603    -69.08000242450046357590
84.67287326743391417949    -69.06808867932694795400
84.67281438694540440792    -69.08091609874112748457
84.67280922518742158900    -69.07434947301543104459
84.67270840987788460552    -69.07487617957650627432
84.67269257776338520216    -69.06496822791854128809
84.67260901394959660138    -69.08736451156958935371
84.67258262039324279158    -69.10375599131296553423
84.67250593298551564203    -69.08684720943196566623
84.67251732560745836054    -69.07067856847163511702
84.67251703995032130479    -69.05925373543632872497
84.67243816110332943481    -69.06123232724115723613
84.67241982904930353016    -69.07728700035862345885
84.67242692758765088001    -69.06579164258236858132
84.67238616123556482762    -69.08407104713457158596
84.67239004642348731977    -69.07810773066962894973
84.67236293131495017406    -69.09219084481840411627
84.67230631771793980533    -69.07059328852558621747
84.67209639776136498313    -69.08328267549470069753
84.67210367611643562213    -69.07214860922232446683
84.67205872917159581448    -69.07703660467920769861
84.67202271624798015637    -69.07988793435093555217
84.67176910497194342042    -69.08349681608392245380
84.67175395927600334289    -69.09439059786014070141
84.67169644568450337374    -69.09781739156916557931
84.67169576732659663776    -69.07285273291459759548
84.67159597140070559362    -69.07142012221483184931
84.67141593288135936746    -69.07522292793630924734
84.67138232164073485819    -69.08693224136732169427
84.67128936462638932881    -69.09094088964100421890
84.67129719941429755181    -69.06436065659693213092
84.67125652684917724855    -69.09277681104337887064
84.67118893077422114857    -69.08629987862435939405
84.67116553880305218627    -69.08703275107829711033
84.67115560141699859287    -69.07530523290733981412
84.67110156086275196685    -69.08204041890135727044
84.67106849578370031395    -69.07430823162654576208
84.67106762833466859774    -69.07355704817291552899
84.67106800775161445927    -69.06539597312215050806
84.67101925974067455627    -69.08737495998971667177
84.67094967379048853218    -69.07351857679506679233
84.67087393519909710449    -69.08001791863019036555
84.67087569011629000215    -69.07488086028625673407
84.67082230851752910894    -69.07348985428588150626
84.67073928380577285679    -69.06684110321397440657
84.67059976832430834293    -69.08023942956297958062
84.67058914298178251556    -69.07168791970372012656
84.67057073489081631124    -69.08423844310536310331
84.67055979477859750659    -69.07160850804854135276
84.67052256504975105145    -69.07732492903559773367
84.67047497039422410126    -69.09770784051531222758
84.67039073621796774205    -69.07480291393359550511
84.67036746720901874141    -69.07199772784670699366
84.67021118119302514060    -69.08250940200358058974
84.67016622721635599191    -69.09194089702518226659
84.67006506794024289775    -69.06968596795339010441
84.67005222758416493889    -69.07146534150396632867
84.67003111714221574857    -69.08630928130573067847
84.66998967506305007191    -69.07619820106712893448
84.66996494113386972913    -69.09096988201365263649
84.66994345715441738776    -69.07366677057414960927
84.66993285576279504312    -69.08126721966647210138
84.66993496304421285004    -69.07598651134199485568
84.66991482305610361436    -69.06850706709359144497
84.66976044339419615881    -69.07182269904060945009
84.66972021112543700383    -69.08842066161312800432
84.66968645691751760296    -69.06918889024007057742
84.66964552525621456880    -69.08811645277668844756
84.66965543702521301839    -69.07516336175811488829
84.66966081768198648660    -69.06283362057330066364
84.66958337891813357601    -69.08413162027902387763
84.66956935867932543260    -69.07509011820400246506
84.66952087605297094797    -69.10326609564745581338
84.66947898559347152059    -69.07312591568413040477
84.66934918138963439560    -69.06957527501772631240
84.66931674876971669619    -69.08787158017987906078
84.66915546337696696355    -69.10330180173259861931
84.66917358161008166917    -69.07756743745225946896
84.66900330509366767728    -69.09095145888531419587
84.66899370845703742816    -69.07437981539949589660
84.66896430636583659179    -69.09046958744558253329
84.66889607736037248742    -69.07433961176232628532
84.66886342668571785453    -69.06982611591990917077
84.66884645760694638739    -69.08457667281665237624
84.66881784550196243799    -69.08058783577247652374
84.66878070265362055125    -69.08353742299695454676
84.66874034739316812193    -69.07540700093876750998
84.66864158397669370970    -69.06719023008962210497
84.66861369835898187830    -69.07246129341993423623
84.66856341353643244929    -69.08045737087218185479
84.66852114159350151112    -69.08303277405396158883
84.66843446884071511249    -69.08230302982775583587
84.66843358083016823912    -69.07796666282453657004
84.66842451602674657352    -69.07484980319539147331
84.66840334481219088048    -69.08217172591156440831
84.66838610053417824020    -69.07812298186500754582
84.66833515048408287385    -69.08424045075770436597
84.66831473251299655658    -69.07819880620755270684
84.66832621904192990314    -69.06597707389674667411
84.66826936951663640230    -69.09915425909990460696
84.66824672018059061429    -69.07825545594444349717
84.66821900278996793077    -69.10307841068444645316
84.66821638156608287318    -69.07459584357805226773
84.66819091964001131601    -69.08432861584799411503
84.66818341401830139148    -69.05988016429996889656
84.66813663801151790267    -69.08429080061426930115
84.66812013882761789318    -69.09776649025675965277
84.66813197209357610973    -69.08227785825603461944
84.66808782910605657435    -69.07605464396543482053
84.66806633027475470499    -69.06632110756113718253
84.66799964721472804285    -69.07747358276881755046
84.66788301698714747090    -69.07160114250611115949
84.66785804888210975605    -69.08640456502985216503
84.66782424582196142637    -69.08532025229246187337
84.66775280988342444743    -69.07229532571609809111
84.66767001486235244556    -69.06157811487072706313
84.66757403848257013124    -69.08101689459741123756
84.66752956615425773634    -69.06965293821900786497
84.66752346491834657627    -69.07057507078449987148
84.66749113978367802247    -69.07871989195800210837
84.66748510542953454205    -69.07868749949865616600
84.66748405303745528272    -69.07528431583683925510
84.66744369668190017819    -69.07028851864852470044
84.66737439796358444255    -69.10303843495697151411
84.66730391775269026766    -69.08812287612944658122
84.66727573902302594888    -69.08281302216575170405
84.66726541682172069159    -69.08340267916503307788
84.66720483996466839471    -69.09699568802376745680
84.66717907744303772688    -69.09054497632648406125
84.66717051082220280023    -69.07780215792482181314
84.66714854096437647968    -69.07501614651137344936
84.66712449653068972566    -69.09136147741635625152
84.66710079329583038543    -69.08964493256024752554
84.66709776652862728952    -69.07512913142130628330
84.66706973143915604396    -69.08075801967683560179
84.66692967523810864350    -69.08266076770271979512
84.66692994115722115112    -69.08039205093946577563
84.66685115955890239547    -69.07024662312650775675
84.66682253710507666256    -69.08727152851122355059
84.66677206707070979519    -69.10022905490914979509
84.66676374551060746398    -69.09719832062509681236
84.66678219709611141752    -69.07951973098201392531
84.66671949257249707443    -69.07999844752498574962
84.66668429554098906920    -69.09282619327458974112
84.66664884684885805655    -69.07853192951263565647
84.66660067321133453788    -69.07052056418812924221
84.66658286227345797670    -69.08065969566209219010
84.66654859863940885134    -69.08829014971676940604
84.66652975840239037097    -69.07104001286568006890
84.66649729975193849896    -69.07585412534679392138
84.66633892703043784422    -69.08739452927282798100
84.66621875079731296410    -69.08151656236442761383
84.66617378240701441428    -69.07041758881798898528
84.66614890680479277307    -69.06791714361074241424
84.66610858860570942852    -69.07986630530783145332
84.66611704315901931750    -69.07127818097445981493
84.66610694991150865008    -69.07163427125399834949
84.66607694161460528903    -69.08217412605026197525
84.66608807425829752447    -69.07031076023365301353
84.66606513755861840309    -69.08575616627764759414
84.66595325278187544882    -69.08013885031860468189
84.66591740841005275797    -69.06858877798546814120
84.66590848251431111748    -69.07560444375140207285
84.66589125758460454563    -69.06672479093279548579
84.66581770803588824492    -69.06990263068919944089
84.66577490510881887076    -69.09380648417526060712
84.66577356153261746385    -69.07636849982260685010
84.66576483106240402776    -69.06671144813404339402
84.66572617448244386651    -69.07587915143420786990
84.66569746710118238298    -69.08261563948499883736
84.66567395378955040997    -69.07318857721575966480
84.66561690792131855687    -69.07729841105063428586
84.66559811961332115970    -69.06802139122299877272
84.66553378396336881906    -69.07947351604477148612
84.66553651849699235754    -69.07539541616206690833
84.66545550092391181352    -69.06134088753074706801
84.66536817175263252011    -69.08051674244926232404
84.66534729829987782068    -69.07803601428449269406
84.66531489154745315773    -69.07179644257028883203
84.66529325901731795057    -69.08291176518528686756
84.66527645874573693163    -69.07252779541522613727
84.66521605184429688506    -69.07176836999967406427
84.66520296105171894396    -69.07797565183804522349
84.66519073547142681946    -69.08689473397895142170
84.66522001539846087326    -69.05807352050979375235
84.66515448776262076080    -69.07069586104853442521
84.66509763400216570517    -69.07802568660443398585
84.66501055800806341267    -69.08760569957293284915
84.66498897897434972037    -69.08736638808836971748
84.66495937235541191512    -69.07742809979595222103
84.66493147142740838262    -69.06310632011251016138
84.66489169644427192907    -69.06315885596620773867
84.66482865096838850150    -69.07740305568793814928
84.66482247549234330108    -69.07485787127328080715
84.66479984672578495974    -69.09400242731749131053
84.66474674561374058612    -69.09160998615675453038
84.66474489161758754108    -69.08506026059120586069
84.66472189649583413029    -69.08000607353245925424
84.66471706238539240985    -69.07446904742901949703
84.66454006729061632086    -69.07721451314260718846
84.66451244995853642195    -69.07018486693108627605
84.66436985273892901205    -69.08890614693430620719
84.66434385551646357726    -69.07690150892464941990
84.66429423317710245556    -69.08480593541081304920
84.66425959254483757377    -69.07012947087885379460
84.66424349674909421992    -69.06705291000277213698
84.66421151003011402736    -69.07851695589342000403
84.66416639770535823573    -69.07046550690169794962
84.66403018461784313331    -69.06820110291440073524
84.66400262092570017103    -69.07609892422357233954
84.66394918004800729250    -69.07894851634353017289
84.66393483685726550902    -69.08054881429076488075
84.66391909519161629305    -69.07669712827264163479
84.66386626610791665826    -69.07444671174357608834
84.66380358344400747228    -69.08374430289782708314
84.66378707127573477464    -69.08967999239605717321
84.66375949762053210179    -69.08685432970835904598
84.66377151496818953547    -69.07530220569566381528
84.66375012068188254943    -69.07113288547893148461
84.66371703773106105473    -69.06255808014869046474
84.66368623321123720871    -69.07660197608304031291
84.66367756018490808856    -69.06715790751231054401
84.66366225406335388470    -69.07938917262580957868
84.66365613401667644666    -69.07186520446515487492
84.66360544386300546194    -69.09355082304647055480
84.66357678081497795120    -69.07630230925732917058
84.66353954410001847464    -69.08201612897413212977
84.66349747270406567168    -69.09271089808277110933
84.66341106477229061511    -69.08512159269996288913
84.66338156114632340632    -69.07768732089094498861
84.66337434010016238517    -69.08213050345923988971
84.66333200785051360526    -69.08250738858923511998
84.66321426603001043532    -69.07581648640230298497
84.66315395751425398885    -69.06388897635849843937
84.66306788675200323269    -69.07175883821358297610
84.66302489353249427495    -69.07022114803562828911
84.66298930571008440893    -69.07670348457739351034
84.66281923792482189128    -69.07661148274196705188
84.66280690911860062897    -69.07725703917721205016
84.66269897596468751999    -69.07428500514834013302
84.66269038487550346872    -69.06730725334377041236
84.66267103513409608695    -69.07966266781637898475
84.66254958519834872277    -69.07005272270340867635
84.66251844657809044747    -69.07771275164010660319
84.66248448811363402911    -69.10064073881115120912
84.66247535760381026648    -69.06999561915156959913
84.66239615787189620733    -69.07701528197213747262
84.66236788766296683661    -69.09581902023870725316
84.66239054253435369901    -69.07112108060870525605
84.66233603644110417008    -69.10156122326480954143
84.66234766766569919128    -69.07721818252340995059
84.66231899143618022663    -69.07470430269347616559
84.66230793972000867598    -69.06137063363357242451
84.66220190851589677550    -69.08330909285518828256
84.66219077985165597511    -69.08370916608689071836
84.66217963761769738085    -69.06310004622541498520
84.66215343814815241785    -69.07584773436087743903
84.66210384635533614528    -69.10288079398166871670
84.66211868029628817567    -69.07479494530042529732
84.66207212350280997271    -69.08371445517423126148
84.66203717016458085709    -69.07615408216459229607
84.66193833331752216509    -69.08463667511630035278
84.66180553738072944725    -69.08336384493817661223
84.66176759507855820175    -69.08549107221396923251
84.66177437838113917223    -69.07552018079243794091
84.66174073622120488380    -69.10159969311445138374
84.66154007620723120908    -69.07258105854798202472
84.66151731594872842379    -69.08029005545725453885
84.66139249083596496348    -69.07620532600574847493
84.66138810429566774474    -69.07491875849359530548
84.66138588499767081430    -69.07452778308973506682
84.66132546058094021646    -69.08106460694548900392
84.66126321323129388929    -69.06699491206941843302
84.66121832208536091002    -69.08570732276947978789
84.66109870130478043393    -69.06827083452762394700
84.66096406367293525363    -69.07742519589723428908
84.66079738205390015082    -69.07183722547023307925
84.66078131914161986060    -69.07683214818558781189
84.66077444034321786148    -69.06175171274068702587
84.66070412730884697794    -69.08328750232365678130
84.66070680227571187970    -69.07743132721797962859
84.66064113088233966664    -69.08116069136934811468
84.66059104803390766847    -69.07552604892218539590
84.66054406904265761113    -69.07008315707044232568
84.66053296302513331284    -69.07721419746282265351
84.66049232097019228149    -69.09229635840344485587
84.66050837719275534710    -69.05852246727032195395
84.66042779498668835458    -69.07534358754112702172
84.66035668310952644333    -69.07387143347803259985
84.66034855888949550717    -69.07068567346914278460
84.66030492198093782008    -69.07155558266615003049
84.66028103186751252451    -69.08626204659321956569
84.66029970156441208928    -69.06623348973346310231
84.66028578723467035161    -69.07582521307878664629
84.66027094299192867766    -69.07648138557428296735
84.66018960740476018145    -69.07494845466133881473
84.66018439540827955625    -69.07008591166469102518
84.66006053214312032651    -69.08039229108992174133
84.66000188395472036973    -69.07492068864056022903
84.65979607225085601385    -69.06975217710913739211
84.65977954190974230642    -69.06678568233151338518
84.65975169290740609540    -69.07488001975657709863
84.65969711681137255255    -69.08955571153892094571
84.65970800151202979578    -69.07466930370217994550
84.65945269058789790506    -69.08526404290508082795
84.65931040432172949295    -69.07180890784145788075
84.65926958863801132793    -69.06285179163948839687
84.65913411459673909576    -69.07703271010808521169
84.65908987920374784153    -69.09505222035315341600
84.65904201649921390072    -69.06513985917692366456
84.65900019512825736001    -69.08291800329273257830
84.65896378580077907827    -69.06707142849930392003
84.65890314731433363704    -69.07561501829668770824
84.65890996946389179811    -69.06824315217906473663
84.65887018747874037672    -69.07490131225074492249
84.65885162883871828399    -69.05894001627518719033
84.65871309745924122581    -69.09186845203481652788
84.65870705320588740506    -69.08654072551517799639
84.65869417149139053436    -69.08536162305500738512
84.65868933983797717246    -69.08704273900163173039
84.65868937254359138933    -69.07195136241723787407
84.65870038427806321124    -69.06211989711800924852
84.65860666769376052798    -69.08331681521237044308
84.65859582298872965112    -69.07945267113956333560
84.65849046205143224597    -69.09933474489913862726
84.65850439498326807097    -69.08374666320690948851
84.65846274335646626241    -69.06884107066846922862
84.65838898922888233756    -69.07834611641129640702
84.65838755742458943132    -69.07723613268912288277
84.65834715467876492312    -69.08147336739493482582
84.65832942789741366596    -69.07463807169331460045
84.65832353212515215546    -69.06696785323467224771
84.65826699144766109839    -69.09407934536717732499
84.65827901010831624262    -69.07447393737128038538
84.65810053100139498383    -69.07914252984451763950
84.65799903364066381073    -69.08423959487775789512
84.65791736534237088563    -69.08260840446686756877
84.65790340654120882391    -69.07701894287851018817
84.65786071025641490451    -69.06600793382642677898
84.65781776183536067037    -69.08637708624513606992
84.65777891075319416814    -69.08101804503952791947
84.65777658075718647979    -69.07002221004803743654
84.65771415959714829569    -69.07698564907428817605
84.65765384767526313681    -69.09543686446632193565
84.65766682839722534482    -69.07966234048792841804
84.65763057559271942409    -69.07976297533929255223
84.65762571472416198048    -69.07956212439943044501
84.65756238058651206302    -69.07664328710477263940
84.65754033478467022178    -69.08619828404322049664
84.65753924868687363414    -69.07178214885718148253
84.65745452801790804642    -69.08104008389605610319
84.65742061752816027820    -69.06875366776570501770
84.65729231036165458590    -69.09071898743411566102
84.65723124177195302309    -69.08872802562822812433
84.65722906872667863354    -69.07943269917456063922
84.65722316978180117530    -69.07364314735900734377
84.65712139621766141317    -69.06849751071007403880
84.65694806027333640941    -69.07907503695956563661
84.65693983775611286546    -69.05879449203349906838
84.65681340398553800242    -69.06843104312119407950
84.65679675237366552665    -69.07942091615687729700
84.65673304495575735018    -69.10398711366612189977
84.65668214012535486290    -69.08715329488481415865
84.65663226756143444618    -69.09219674399989230551
84.65664139643919838818    -69.06867649314716572917
84.65660962112235665700    -69.06107116148275792966
84.65654319104503144899    -69.07857760018640647104
84.65651518211373627310    -69.08201533683015327370
84.65643095782854743447    -69.07401316938602064965
84.65642023126605408834    -69.06478435805426840943
84.65641221734753685269    -69.06961808189745966047
84.65633685767571137148    -69.07860009321170480234
84.65631595940092779529    -69.07916916418831476676
84.65627667458285543489    -69.07571819770555521245
84.65627295409488795030    -69.06158448735050114919
84.65620575568141248368    -69.10163325261119382503
84.65616411218711334641    -69.09930017777888622277
84.65615152677632693212    -69.09212363332149209327
84.65613081418315744031    -69.08098544468649038208
84.65605186454311592570    -69.06869360260813550667
84.65599342225584678090    -69.06531770741661091506
84.65595874870744808049    -69.08627521966832318867
84.65598960025884878178    -69.06426373158608100766
84.65595230053637010315    -69.08300550132652517732
84.65594914071289167623    -69.08191523389420751755
84.65586583087304006767    -69.09098001005517630801
84.65587792484549822802    -69.07582071063175988002
84.65582738207072566183    -69.08255275146763096927
84.65578833149773174682    -69.09239948643072182222
84.65582033709233655827    -69.06606950643877951279
84.65575230511835513880    -69.09330655432343348821
84.65567044504290095119    -69.08375294533477983805
84.65558913071477320500    -69.07447666950891118631
84.65552968946943224182    -69.07871129981755586869
84.65549667696014068952    -69.07212744233353873824
84.65544350615662949622    -69.08584070010206801271
84.65547056898446953710    -69.06694715319696342704
84.65546602189211000677    -69.06425246873244816470
84.65535857038385358919    -69.07986945721879123994
84.65533881332109444884    -69.07299050231797821198
84.65530657933977920493    -69.06997882878398797857
84.65528280788105064403    -69.08077153371384326874
84.65528484754078419883    -69.07565635843093332369
84.65522483444449619583    -69.07123092906080330522
84.65520136775484161262    -69.07187572438488132320
84.65517798991332654168    -69.07761619539951425395
84.65514177487379754439    -69.06739385346999426929
84.65500741604756740344    -69.08051570280457553963
84.65494034337368134402    -69.08924670690490188463
84.65493281473378317514    -69.07556572023977992103
84.65492269537496383691    -69.07525501813128698814
84.65489502278352063058    -69.07037654518858005304
84.65477239123892161388    -69.08836624746018628684
84.65476274125879285748    -69.09096754575764975925
84.65456065016620357255    -69.08435862841990626748
84.65452807066372997724    -69.07955533769337819194
84.65453608464576973347    -69.07441849695807434273
84.65453200769279362703    -69.07337697930914544031
84.65444342394125953888    -69.09002097155935473438
84.65439568583283858061    -69.08409924427968462624
84.65434299828831399282    -69.09651553461286255242
84.65433362955246821002    -69.08530985657159817492
84.65416424005192652658    -69.08441390453914721093
84.65416377702865702304    -69.07505444476771572226
84.65412490777063680980    -69.08026700407474152144
84.65408132544108354978    -69.07742616955258085909
84.65406746449390595899    -69.07256069930087960529
84.65397408671307744044    -69.08858524031494141582
84.65394716526334661921    -69.06991354874737965019
84.65384744448670062411    -69.07190393637054626197
84.65379872541070938041    -69.07330565129841204453
84.65373861799099586278    -69.07425366375153430454
84.65375309078709165078    -69.06348955723682081498
84.65367588864192782694    -69.08043861807750829485
84.65366853044982065057    -69.07481470735362449886
84.65363217031539022628    -69.08959136841470183299
84.65360769399295293169    -69.09025566330890910649
84.65363245229937660952    -69.07443845799718928902
84.65340952390393169935    -69.08205749512652005251
84.65339342759064322763    -69.08134010825672532974
84.65339301982739073082    -69.06542821433903611705
84.65331203886474042974    -69.08265124942504087358
84.65330828556655262673    -69.07474941409581958851
84.65330204909116673662    -69.07394547097919712542
84.65326284366908282664    -69.08231237219536069460
84.65323350264824853184    -69.09201751718728701235
84.65324996118421552183    -69.07046070102428814153
84.65319724089904696029    -69.09769655985965641776
84.65300526359625621353    -69.09935651038443893412
84.65304114862524897944    -69.07613169036150679858
84.65300308539816853681    -69.07603786548602897710
84.65295138087290638396    -69.09387504844940508519
84.65292359448605452599    -69.09092230882596652464
84.65289695749855525264    -69.10001179539437998756
84.65289473987928658971    -69.09702146979610404287
84.65284421628551569938    -69.08886525810196133079
84.65285560134533682231    -69.07839787568858014311
84.65283785239130054379    -69.07830925516914533091
84.65279942864505358102    -69.08110543895698185679
84.65275510544417159053    -69.06417021868695371722
84.65264514408781337806    -69.08119304715934561045
84.65262092423223805326    -69.09485051865357263523
84.65262364721695576009    -69.06712086542459871907
84.65257707760427763333    -69.07485975634752151109
84.65255058196871118525    -69.07882550952959377355
84.65257158068801857098    -69.06387377874793287447
84.65241270383981486702    -69.09534978162126606094
84.65245489062380102041    -69.06739426197195541590
84.65235985831118625811    -69.08017681806150278589
84.65237177570772075796    -69.06493995184032996804
84.65221647443765107255    -69.09452564686341702327
84.65223780841675704778    -69.07916853277988877835
84.65221010965119319280    -69.08555131102787072450
84.65219878344932169512    -69.08367410825024990118
84.65209688549008149039    -69.07645041796882878771
84.65208879112773843190    -69.07990050841004858739
84.65209268271220821589    -69.07221772471460496945
84.65203467868857956091    -69.08223789683850668553
84.65199230964817900258    -69.07500544462826042036
84.65195920829062004032    -69.07188316181753862111
84.65196047689681790871    -69.06014697748246078390
84.65155689781492753809    -69.08769898311236090649
84.65147579399652499887    -69.08480494784195968805
84.65141420417975837154    -69.10460198568293321841
84.65143560955802115586    -69.07660594579837720630
84.65143162223012041068    -69.07025587723123294381
84.65139807196993615435    -69.08017660463521281144
84.65126519797618698249    -69.08737261755874214941
84.65121801235352450021    -69.09139415746859924639
84.65122685831158833025    -69.07851614079419277914
84.65110194360399020752    -69.07881402927122849178
84.65109129129302800720    -69.07507576788947289970
84.65101940431483740213    -69.08138172766913953637
84.65102926647388414949    -69.07259957842119035831
84.65095144661034964884    -69.08069639545178119988
84.65096115888789540804    -69.07269435463466322744
84.65090970587698393501    -69.07722376035798106386
84.65089922263932464830    -69.07986763342995573112
84.65084786654114168414    -69.08347761401854825181
84.65082167740804663936    -69.07894981560242797514
84.65082472253634193748    -69.07504212395608078623
84.65069562829478400090    -69.08460933778214041467
84.65069696132279375433    -69.08352849623945246549
84.65068100935953054886    -69.06604803975341155819
84.65048315207464213472    -69.10078107421389859155
84.65046102567499985980    -69.08445501726288284772
84.65042078809348424784    -69.08405124959692500397
84.65040253301461348201    -69.07887529448288432832
84.65039205092621443782    -69.08433637635639001928
84.65027232558351499847    -69.07221514659150329862
84.65017132682430656132    -69.08890073440426249363
84.65017284852832801789    -69.08405985897096002191
84.65016425694145141279    -69.08327790684357694317
84.65009720385529590203    -69.08144142429159728636
84.65007600057971615115    -69.07493025986285317686
84.64999106214742141674    -69.08323810825908140032
84.64993677093887924912    -69.08189725370219491651
84.64993022073821293816    -69.06275734912556174550
84.64989188425059296605    -69.07492750863274011408
84.64969332722374417699    -69.07815731273930737188
84.64969079267667950717    -69.07607265342939228958
84.64959228492693910084    -69.08902117424426592152
84.64960227738156106625    -69.07883556647610134860
84.64952842166410107438    -69.09434184327376726742
84.64956872265339882233    -69.06233443932477200633
84.64949171270785654997    -69.06037044599119667510
84.64930868763310911618    -69.08189201441983584573
84.64929047286838681430    -69.08646746925867887512
84.64926731483528499211    -69.09451121494852543492
84.64922730818493334937    -69.07801333606325044912
84.64917881872824523271    -69.07228888182849857458
84.64912479044873805378    -69.07377455257639553565
84.64903768848067500130    -69.08385971705151007427
84.64895796728251298191    -69.07685107169966443053
84.64891544331534589674    -69.07671813650843262167
84.64889816548215151215    -69.07622597394816921224
84.64887441184109206915    -69.07756789351809345590
84.64879077949301233730    -69.06542240472158766806
84.64867911788587662159    -69.07527713787756340480
84.64868947543989463611    -69.06576308875725089820
84.64858525620975626680    -69.08016013288236933931
84.64853502579543942375    -69.09146752277507630424
84.64853885532046717799    -69.08191273869599058344
84.64848842246267679457    -69.07634374209966665603
84.64843659566784594972    -69.08751105669099956685
84.64838327245117000075    -69.08506671834464896165
84.64830166917890608147    -69.06019032768456611393
84.64823489498981246015    -69.07773749758113979169
84.64813361240283029474    -69.08231813216572447800
84.64815812482909507253    -69.06805908544160388374
84.64801148892338744645    -69.08460870280634935625
84.64801321117961663276    -69.07880420208402938442
84.64793650499011334887    -69.07498673255838639307
84.64792760011575012413    -69.07314777168843988875
84.64782138556641655214    -69.07002677005880286742
84.64764022882023652983    -69.09000621265953157035
84.64743525372584542765    -69.07615606763744153795
84.64724695626269124205    -69.08885984007375213878
84.64724792667455233186    -69.07639446282892947693
84.64713460427417146548    -69.07632770123845489252
84.64702864197931830859    -69.07622064140620921080
84.64697747687716855580    -69.08049416282649701770
84.64693744323292889931    -69.08388087016383849459
84.64695127985504541357    -69.06449331987656137244
84.64683329709407644259    -69.07498342550012182528
84.64677855399061456865    -69.09965557439522854111
84.64652436696849235886    -69.08223745745848987099
84.64649506638525622293    -69.07789404077875872190
84.64644736352951781555    -69.09090009798545395370
84.64645688621389751916    -69.07893988132951790249
84.64643020684447094482    -69.08487870915672601768
84.64645639482013450561    -69.06850445407748395610
84.64630845612475695816    -69.09768454703967677233
84.64630710312792416516    -69.06034041492837616261
84.64619238210404716938    -69.08012931433805192682
84.64610679250239400062    -69.08831961919922548532
84.64596984582057359603    -69.08955740106672749334
84.64599486459735544486    -69.06306676051804060990
84.64595448080427786408    -69.07501667738756623294
84.64588224334734434251    -69.07518945055150538792
84.64568944916749160257    -69.08652464506468504624
84.64566003290281059890    -69.08261705330987467732
84.64566143951761034714    -69.06588594184147211763
84.64563497892510213205    -69.06472806814713294443
84.64559857274866772059    -69.08090298705774046084
84.64557714623498441142    -69.08009795633886085398
84.64551095950402270773    -69.08161384788296288662
84.64549272194116724677    -69.08446647711899402111
84.64539690039495667406    -69.07891848436835857683
84.64536185407902735278    -69.06812825628936991507
84.64495984099696102021    -69.07945082878507037094
84.64490116462766877703    -69.07170053664162878704
84.64480548505245849356    -69.07941644657044832911
84.64479254918548178921    -69.08333193573308506075
84.64465608609731361867    -69.09252214334038910692
84.64450976008943428042    -69.08989437084302664971
84.64450635496710617645    -69.06933074866883259801
84.64447378117309028767    -69.07406209106885341953
84.64416395875812781924    -69.08746425345093200576
84.64407286073202385523    -69.07475401782116364302
84.64386938909554203292    -69.08754542464274095437
84.64378374683870731587    -69.07463044023876364008
84.64378456105488623962    -69.07410069033292643326
84.64366322925376096009    -69.09575757909472315532
84.64370269306702709855    -69.07365682651266070025
84.64355372975578006844    -69.07911093761161680504
84.64351804972513093617    -69.06504427478860463907
84.64348220995178451176    -69.06235976461465497778
84.64343047783471263301    -69.07743455383048569729
84.64328618430710093890    -69.08577672501682798156
84.64331718752322331056    -69.06924192114675520315
84.64331788477498719203    -69.06692174584728149966
84.64324517796123359403    -69.09048401490930757518
84.64325789933887733696    -69.07059368865274961991
84.64322105180345090503    -69.08202913139537315601
84.64319205169881854545    -69.08764739983065794604
84.64321784993909147943    -69.06108504257629476797
84.64308381615609278015    -69.06238153953557912246
84.64293926914719179422    -69.07619216131067219067
84.64292651665199684885    -69.06222235478151105781
84.64281711415978293189    -69.08628879697396030224
84.64266621576572902086    -69.07073576828180705434
84.64260071467981561000    -69.06947139158980064622
84.64248331768654054486    -69.07536231057058273564
84.64240081168453855298    -69.09281240860607908871
84.64240793493003423009    -69.07696974010836754587
84.64233577986612999666    -69.10009239177563244994
84.64237863634835434823    -69.07677169860403409984
84.64228193287030421743    -69.07325950421027016546
84.64229458747558965115    -69.06090094678452828703
84.64224120330709411064    -69.08053440308538029058
84.64212946503788259633    -69.06349873460138155679
84.64200455022643154734    -69.07707081122754289026
84.64196041448522578321    -69.09304606945774196447
84.64183460211854992394    -69.07889466413600132455
84.64166045798701532021    -69.08549363360818063029
84.64151964760091573226    -69.08042088427744431556
84.64144450410987019495    -69.10035625906699863208
84.64147818414501500683    -69.07612881309400165719
84.64141263499692513506    -69.07244795193776099040
84.64128719835693459572    -69.07061708260883392541
84.64127691819257393036    -69.07360361378624702411
84.64112619215967470154    -69.08447189887307615663
84.64103137692742961917    -69.07734006995316633493
84.64100636072200245508    -69.08635459023416558466
84.64101750774035792801    -69.08123605872448536047
84.64100781281304364256    -69.07444777912193956126
84.64091067538483059707    -69.06717089122155073255
84.64075257186891576566    -69.09475273630616243281
84.64075625996393625883    -69.06342587119024756248
84.64070393814125736753    -69.08372438637661616667
84.64069177176000380314    -69.08185021571007666807
84.64071830269685392523    -69.06682395270100016660
84.64060126937260974955    -69.09049562528676347029
84.64047390418711813709    -69.07501074281390174292
84.64044107849380793596    -69.08670531988499874387
84.64029624198248313860    -69.06133425487928434450
84.64020112525491867927    -69.08905890111715564217
84.64013553177575488462    -69.09280429132320477947
84.63987012638114038054    -69.09031991352941304285
84.63967575209694871319    -69.07174772657035077827
84.63963879361392628198    -69.06605544761305282009
84.63936286453373725180    -69.07249025980252099544
84.63925682416424933763    -69.09915637710248859094
84.63927679816463012230    -69.06119344831874684587
84.63913015955991170358    -69.07500525841491878509
84.63900412790609095737    -69.07116014494884836949
84.63847199711221946927    -69.09019459164827026143
84.63844589152473929516    -69.07176285344114319287
84.63839752693721152355    -69.07053542190089956421
84.63833676019939389334    -69.07701449719796471527
84.63758761700384525284    -69.09748960098220038617
84.63751982843237442466    -69.09587530494989948693
84.63738934282245907070    -69.06856323208765502386
84.63730029225236251023    -69.06978152179496532881
84.63722053622474561507    -69.09508773813013249310
84.63709344976221871093    -69.08599235489266732202
84.63699721864888658729    -69.06845120313163022274
84.63694568307960253151    -69.07833974858830572430
84.63692417151824542998    -69.07106645633560049191
84.63679274550834463753    -69.06948702352833890927
84.63665433486181655098    -69.07962893377272450834
84.63653111185159616525    -69.07790726157159610921
84.63646883548328503366    -69.06676992207322030026
84.63631961410743542729    -69.09513371748070653666
84.63615625544277065728    -69.08082423710467878664
84.63595619819136572914    -69.07545820584606133252
84.63575818748087442600    -69.08535374670054807211
84.63577566089310266761    -69.07511137383053778649
84.63576892145967178749    -69.06349738486660783110
84.63568170878598095896    -69.07569038600172461884
84.63551577765683475718    -69.06288565455510308766
84.63544215068425558002    -69.07029866665078543519
84.63506791764808667722    -69.07586439085433482887
84.63508641809637822462    -69.06606391030051383950
84.63481492112711634945    -69.08718677194217150372
84.63477144917190742035    -69.06363226691483703235
84.63465434532892572861    -69.07470953269184121837
84.63457249504558888020    -69.07576954832840954168
84.63452697405793401231    -69.06595453042790211384
84.63415842807296485262    -69.08172168297538462411
84.63387193671754005209    -69.06978704376432176559
84.63355406640191347378    -69.06274483738263825217
84.63327611196697830565    -69.06917075610535050600
84.63321814871359549670    -69.07819837348752400885
84.63315584679853031957    -69.07368160957443592451
84.63265270757659664014    -69.07736791866966541420
84.63263047297829189120    -69.07462198522762264474
84.63220869571846094459    -69.07893492045117511680
84.63194825311444446925    -69.08264990905001923238
84.63189250318110623539    -69.07873060537352216670
84.63167390941178780395    -69.08049896530671674100
84.63141617957893458879    -69.07555930902384488945
84.63129940565546860398    -69.07725306147979438265
84.63126927203427385393    -69.08159017787444611258
84.63094497355871226318    -69.08854441936995272044
84.63101536341045516565    -69.06050224153986505371
84.63089384614356447400    -69.08173684084631815949
84.63054371696618716214    -69.08631088016120713746
84.63057414685292201284    -69.07152045984335586581
84.63038844535036275829    -69.07043966173490900928
84.63033287311165508982    -69.07514445261064395254
84.62985301110948910264    -69.07812345312186153024
84.62980500548727036403    -69.08797484028313817817
84.62971280452531175342    -69.08508490681951741408
84.62855446111250046215    -69.08183882844996048789
84.62819791754778009363    -69.06528676865093530068
84.62817002269294164307    -69.07055327735766070418
84.62804354930877082097    -69.07538327548776635467
84.62793471858219618298    -69.07782214559034628110
84.62793632052739667415    -69.06472962407578108923
84.62762182692691226293    -69.07264326332392556651
84.62758468381589693763    -69.08089056178100406669
84.62745772018517698143    -69.07381981248289548603
84.62742506988983848260    -69.06475554684276119133
84.62733465713355940352    -69.07198817516297140173
84.62707712190626807569    -69.06577212840386437165
84.62699106668519277719    -69.07798690211130576699
84.62685505732103763421    -69.07370638357933501084
84.62677797783135247300    -69.06646708545791568667
84.62617474669295347667    -69.07546914957613637398
84.62613823218099184942    -69.08185560561861393580
84.62609882781393366713    -69.07133847780865210098
84.62602919696134051719    -69.07472408675225494790
84.62530184016996770424    -69.08108460898014868690
84.62515271506292435788    -69.08154453630686475663
84.62473471220633314260    -69.07702687583710599029
84.62439441967161712910    -69.07041754303764946599
84.62420049400519417304    -69.07106931081376899328
84.62395055771536078737    -69.07762089305852271082
84.62373942022162509602    -69.06508284743721048926
84.62339236660454844241    -69.06864038144239259509
84.62334959890762320356    -69.07652021037412737314
84.62258853310851236529    -69.06152213117728422276
84.62244366572949161309    -69.06780584374793363622
84.62223494913015997554    -69.07420999804190842042
84.62215565919930782002    -69.07346625802341577582
84.62194126764455859302    -69.06759233691153099244
84.62171692590632687825    -69.07584909372940273897
84.62055516418350009644    -69.07009460819624280248
84.62002484702303206632    -69.07358001979585537811
84.61991626482017636590    -69.06106313578295896605
84.61971584937057855313    -69.06608690629066416022
84.61945272234098069930    -69.06654006527689659833
84.61934770961576646187    -69.07070966598648453783
84.61805122355677610813    -69.07089416112312107998
84.61782808733953231695    -69.07022727544402584954
84.61778854011046746564    -69.06363885522047496579
84.61711476178497548517    -69.07014994911953920109
84.61542935899421991053    -69.06378225510410118204
84.61373408928010064756    -69.06227513449937305268
