NR,RA,DEC,X,Y,V,Age
1000000,84.635010,-69.064240,4413.52,3811.80,17.89,1.0
1000001,84.687180,-69.060257,2692.89,4180.52,18.15,1.2
1000002,84.667984,-69.073143,3325.51,2990.39,18.45,1.6
1000003,84.665993,-69.062294,3391.60,3991.92,17.88,1.1
1000004,84.760780,-69.096413,268.77,841.74,24.89,30.2
1000005,84.759857,-69.097443,299.27,746.67,22.38,12.5
1000006,84.757133,-69.084633,387.73,1929.36,23.77,41.2
1000007,84.756348,-69.086990,413.73,1711.24,25.11,32.4
1000008,84.756165,-69.089142,419.91,1513.12,24.41,18.7
1000009,84.756126,-69.089172,421.38,1510.09,24.47,19.0
1000010,84.754448,-69.097443,477.38,747.18,24.06,31.9
1000011,84.754097,-69.082977,487.53,2082.29,22.89,34.5
1000012,84.753204,-69.079605,516.75,2393.43,23.99,41.5
1000013,84.752983,-69.088341,524.74,1587.03,24.89,51.5
1000014,84.751610,-69.084122,569.71,1976.50,23.85,42.5
1000015,84.750526,-69.082542,605.04,2121.95,22.67,14.6
1000016,84.749977,-69.095070,624.26,966.12,24.40,27.7
1000017,84.749016,-69.084023,655.11,1985.89,24.37,47.1
1000018,84.748543,-69.090881,671.23,1352.35,25.55,45.7
1000019,84.748550,-69.094917,671.41,980.20,24.33,39.2
1000020,84.746780,-69.082977,728.69,2082.62,22.24,32.4
1000021,84.746689,-69.069084,730.49,3364.59,22.16,12.3
1000022,84.746262,-69.077988,745.33,2542.97,21.31,5.3
1000023,84.745842,-69.083069,759.46,2074.00,22.48,32.4
1000024,84.745644,-69.071373,765.12,3153.71,20.35,6.3
1000025,84.745049,-69.070854,784.77,3201.05,23.15,26.8
1000026,84.744820,-69.085030,793.35,1893.21,22.58,13.7
1000027,84.744553,-69.090393,802.73,1397.52,23.36,37.4
1000028,84.744049,-69.085350,818.78,1863.51,23.59,22.7
1000029,84.743752,-69.095116,829.47,961.63,22.78,5.0
1000030,84.743484,-69.099136,838.55,590.76,24.83,9.6
1000031,84.743423,-69.091835,840.04,1264.77,24.20,13.2
1000032,84.742950,-69.089211,855.35,1507.17,24.46,27.0
1000033,84.742683,-69.079475,863.45,2405.82,24.51,18.7
1000034,84.742119,-69.065155,880.83,3727.30,19.60,4.2
1000035,84.742065,-69.080978,883.90,2267.11,23.05,37.9
1000036,84.741959,-69.068970,886.35,3375.29,22.49,31.5
1000037,84.741608,-69.075981,898.60,2727.98,22.07,33.7
1000038,84.741577,-69.094215,900.87,1045.40,23.45,40.0
1000039,84.741081,-69.092773,917.07,1177.97,22.94,1.0
1000040,84.740761,-69.091057,927.54,1336.39,21.58,13.6
1000041,84.740509,-69.089012,935.85,1525.50,23.82,18.3
1000042,84.740349,-69.074883,940.08,2829.44,20.65,5.1
1000043,84.740227,-69.094086,945.42,1057.13,21.22,3.2
1000044,84.739975,-69.092789,953.59,1176.51,22.21,17.0
1000045,84.739380,-69.079338,972.27,2418.51,23.08,3.9
1000046,84.739227,-69.061394,975.89,4074.35,22.87,31.5
1000047,84.739288,-69.090866,976.19,1354.36,25.53,47.3
1000048,84.739044,-69.080109,983.29,2347.48,23.07,4.0
1000049,84.738640,-69.063370,995.38,3892.18,22.43,33.4
1000050,84.738113,-69.084892,1014.29,1905.62,22.53,31.1
1000051,84.737907,-69.089005,1021.44,1526.45,23.66,16.2
1000052,84.737923,-69.097427,1021.54,748.43,23.96,4.9
1000053,84.737717,-69.093849,1028.12,1079.34,22.89,24.8
1000054,84.737587,-69.084618,1031.60,1930.79,23.00,13.6
1000055,84.737328,-69.072662,1039.41,3034.82,24.09,44.9
1000056,84.737236,-69.089035,1043.46,1523.18,22.89,2.1
1000057,84.737160,-69.095352,1046.58,940.04,24.32,19.0
1000058,84.736855,-69.098862,1056.92,616.24,22.68,5.5
1000059,84.736771,-69.065247,1057.15,3718.95,18.86,2.5
1000060,84.736786,-69.078888,1057.71,2459.94,20.89,5.8
1000061,84.736740,-69.077469,1059.20,2591.17,18.94,0.4
1000062,84.736633,-69.076065,1062.64,2720.45,22.86,34.0
1000063,84.736389,-69.079155,1070.71,2435.71,22.09,11.9
1000064,84.735809,-69.077530,1089.68,2585.40,22.81,5.7
1000065,84.735817,-69.080109,1089.78,2347.63,23.99,29.9
1000066,84.734985,-69.074562,1116.66,2859.39,19.92,3.4
1000067,84.734993,-69.091545,1117.67,1291.89,23.72,31.2
1000068,84.734718,-69.086937,1126.47,1717.01,21.95,14.3
1000069,84.734489,-69.095184,1134.38,955.86,23.58,38.9
1000070,84.733910,-69.062920,1151.48,3933.94,19.78,16.6
1000071,84.733887,-69.083160,1153.62,2065.86,22.42,13.3
1000072,84.733910,-69.097008,1153.70,787.45,22.35,13.2
1000073,84.733727,-69.086159,1158.90,1789.28,23.60,9.5
1000074,84.733391,-69.068398,1169.01,3428.20,19.58,0.0
1000075,84.732986,-69.085335,1183.42,1865.14,22.45,13.9
1000076,84.732719,-69.060776,1190.45,4131.99,20.80,0.0
1000077,84.732315,-69.087524,1205.57,1663.00,22.21,32.7
1000078,84.732056,-69.087303,1214.22,1683.59,23.67,19.0
1000079,84.731430,-69.088737,1234.79,1550.74,23.17,16.4
1000080,84.731361,-69.094505,1237.40,1018.55,23.69,28.1
1000081,84.731346,-69.092323,1237.71,1219.71,24.34,46.0
1000082,84.731277,-69.099274,1240.38,578.29,21.48,8.6
1000083,84.731216,-69.084190,1241.57,1970.60,24.05,43.4
1000084,84.730728,-69.075615,1257.13,2762.55,23.44,10.6
1000085,84.730560,-69.087761,1263.45,1641.08,20.94,7.4
1000086,84.730278,-69.077293,1272.06,2607.56,20.95,8.6
1000087,84.729919,-69.057350,1282.58,4448.26,24.61,15.6
1000088,84.729843,-69.069313,1285.85,3343.74,22.23,33.7
1000089,84.729828,-69.075294,1286.84,2791.61,22.02,10.0
1000090,84.729721,-69.077431,1290.49,2594.72,20.48,7.4
1000091,84.729729,-69.090576,1290.86,1381.29,24.84,14.1
1000092,84.729538,-69.069733,1296.09,3304.91,20.84,0.0
1000093,84.729462,-69.073860,1298.82,2924.44,20.21,6.1
1000094,84.729492,-69.092094,1298.84,1241.47,23.14,12.6
1000095,84.729233,-69.077751,1306.58,2564.93,20.85,6.8
1000096,84.729164,-69.095459,1309.97,930.58,24.44,47.5
1000097,84.729088,-69.073624,1311.08,2946.29,19.34,3.2
1000098,84.728729,-69.074028,1322.97,2908.99,21.22,24.8
1000099,84.728638,-69.076508,1326.09,2679.58,19.39,3.4
1000100,84.728554,-69.069450,1328.55,3331.14,20.09,5.6
1000101,84.728378,-69.083855,1335.06,2001.88,20.49,6.2
1000102,84.727913,-69.080658,1350.18,2296.61,22.91,11.5
1000103,84.727806,-69.075554,1353.57,2767.83,21.81,31.2
1000104,84.727623,-69.074493,1359.53,2865.84,22.50,16.4
1000105,84.727493,-69.091408,1364.70,1304.43,19.13,2.9
1000106,84.727173,-69.096695,1375.52,816.52,19.94,0.3
1000107,84.727104,-69.094490,1377.75,1020.17,22.19,1.3
1000108,84.726921,-69.070457,1382.28,3238.61,23.50,10.5
1000109,84.726715,-69.068291,1389.14,3438.14,21.92,30.8
1000110,84.726715,-69.078804,1389.74,2468.11,22.85,34.0
1000111,84.726562,-69.061714,1393.66,4045.08,21.91,13.3
1000112,84.726501,-69.079163,1396.63,2434.84,20.34,6.2
1000113,84.726456,-69.074982,1398.09,2821.12,21.76,12.5
1000114,84.726295,-69.073593,1403.17,2949.01,19.62,4.2
1000115,84.725952,-69.076576,1414.75,2673.93,23.72,42.3
1000116,84.725601,-69.087555,1426.69,1660.13,23.56,39.7
1000117,84.724884,-69.080315,1450.18,2328.91,23.06,9.8
1000118,84.724808,-69.075058,1452.35,2813.75,20.34,5.8
1000119,84.724823,-69.086182,1452.35,1787.22,20.99,7.7
1000120,84.724495,-69.068314,1462.20,3436.46,23.00,16.2
1000121,84.723976,-69.097984,1480.84,697.40,24.23,11.2
1000122,84.723724,-69.075073,1488.08,2812.44,22.42,17.0
1000123,84.723465,-69.067444,1496.22,3516.26,21.81,7.7
1000124,84.723465,-69.068497,1496.30,3419.74,20.40,6.8
1000125,84.723389,-69.085091,1499.63,1887.60,20.53,3.0
1000126,84.723305,-69.077721,1501.88,2568.36,23.52,23.8
1000127,84.723221,-69.056274,1503.62,4547.70,22.55,12.9
1000128,84.723183,-69.067650,1505.42,3497.23,22.63,31.7
1000129,84.722923,-69.072220,1514.31,3075.53,19.80,4.9
1000130,84.722778,-69.087395,1519.72,1674.94,20.68,8.2
1000131,84.722725,-69.087799,1521.49,1637.88,22.02,13.7
1000132,84.722466,-69.065865,1529.13,3662.50,20.27,6.4
1000133,84.722466,-69.078384,1529.69,2506.89,19.95,5.0
1000134,84.722298,-69.074944,1535.02,2824.68,22.16,12.4
1000135,84.722221,-69.068474,1537.30,3421.71,22.89,11.2
1000136,84.722160,-69.081055,1539.85,2260.10,22.44,32.4
1000137,84.722137,-69.070839,1540.02,3203.48,18.44,1.7
1000138,84.721939,-69.098038,1547.88,692.96,23.78,17.4
1000139,84.721664,-69.093506,1556.65,1110.96,23.38,4.5
1000140,84.721352,-69.083679,1566.65,2018.08,22.00,13.9
1000141,84.720825,-69.099792,1584.58,530.57,23.50,11.2
1000142,84.720505,-69.085289,1594.57,1869.72,21.38,9.2
1000143,84.720299,-69.078484,1601.09,2497.99,21.17,5.3
1000144,84.720146,-69.078491,1606.23,2496.96,22.74,7.7
1000145,84.720062,-69.066246,1608.22,3627.22,19.65,3.9
1000146,84.719864,-69.068039,1614.98,3461.62,19.51,4.0
1000147,84.719467,-69.082153,1628.58,2159.20,21.04,7.9
1000148,84.719185,-69.079521,1637.83,2401.61,23.16,19.6
1000149,84.718491,-69.075363,1660.49,2785.45,20.98,8.6
1000150,84.718269,-69.091667,1668.60,1281.08,21.10,8.6
1000151,84.718224,-69.065956,1668.95,3653.98,22.21,13.1
1000152,84.717819,-69.095482,1683.41,928.61,22.91,12.3
1000153,84.717728,-69.090446,1686.29,1393.83,24.46,48.2
1000154,84.717567,-69.098564,1692.02,643.94,21.84,8.6
1000155,84.717384,-69.078789,1697.06,2469.36,25.02,35.5
1000156,84.717285,-69.054558,1699.41,4705.86,22.66,12.6
1000157,84.717186,-69.078171,1703.68,2526.67,23.76,16.3
1000158,84.717094,-69.073158,1706.42,2989.31,19.69,4.4
1000159,84.716942,-69.070213,1711.31,3260.79,21.53,7.1
1000160,84.716759,-69.098717,1718.47,630.42,20.27,6.4
1000161,84.716469,-69.086678,1727.64,1741.21,18.65,1.6
1000162,84.716347,-69.083328,1731.47,2050.87,20.07,2.8
1000163,84.716209,-69.081268,1735.87,2241.04,22.66,1.0
1000164,84.715790,-69.092873,1750.27,1169.84,22.96,5.2
1000165,84.715477,-69.093102,1760.55,1148.27,23.26,4.5
1000166,84.715347,-69.090950,1764.63,1347.06,24.36,46.7
1000167,84.715149,-69.076210,1770.83,2707.77,24.26,14.0
1000168,84.715027,-69.096283,1775.57,854.59,22.60,11.7
1000169,84.714951,-69.092514,1777.94,1202.73,22.40,15.7
1000170,84.714935,-69.090904,1778.36,1351.01,22.48,10.6
1000171,84.714912,-69.090538,1779.04,1385.22,23.19,19.1
1000172,84.714912,-69.093170,1779.15,1142.44,21.27,4.9
1000173,84.714790,-69.086296,1782.88,1776.82,23.16,6.5
1000174,84.714592,-69.066811,1788.84,3574.83,20.23,0.0
1000175,84.714394,-69.093933,1796.20,1071.72,23.48,39.7
1000176,84.714325,-69.091591,1798.48,1287.89,22.61,32.4
1000177,84.714233,-69.074120,1800.93,2900.79,22.49,3.2
1000178,84.713715,-69.097252,1818.76,765.15,20.75,8.2
1000179,84.713646,-69.073448,1820.24,2962.67,20.00,5.0
1000180,84.713486,-69.086555,1825.90,1752.56,20.51,0.6
1000181,84.712845,-69.070930,1846.62,3195.04,20.82,4.5
1000182,84.712830,-69.090385,1847.60,1399.29,24.02,25.7
1000183,84.712677,-69.084633,1852.58,1930.22,22.78,12.3
1000184,84.712212,-69.081970,1867.66,2176.26,23.86,30.2
1000185,84.712105,-69.084007,1871.42,1987.59,21.16,1.0
1000186,84.712074,-69.084663,1872.44,1927.59,23.06,37.1
1000187,84.711868,-69.085190,1879.24,1878.87,21.52,10.0
1000188,84.711868,-69.084740,1879.27,1920.19,22.32,32.0
1000189,84.711830,-69.072952,1879.95,3008.48,20.40,6.4
1000190,84.711823,-69.095551,1880.99,922.55,21.12,4.8
1000191,84.711174,-69.075264,1901.64,2794.64,20.99,8.0
1000192,84.710968,-69.091957,1909.11,1254.44,24.37,7.0
1000193,84.710388,-69.085144,1927.86,1882.75,22.36,8.4
1000194,84.710388,-69.093063,1928.17,1152.29,21.85,15.5
1000195,84.710258,-69.077271,1932.07,2609.72,22.68,36.3
1000196,84.710228,-69.076347,1932.88,2694.74,22.50,15.1
1000197,84.709908,-69.097778,1944.14,716.63,23.56,4.1
1000198,84.709885,-69.074448,1944.17,2870.04,23.05,20.9
1000199,84.709877,-69.101433,1945.35,379.54,23.80,2.8
1000200,84.709808,-69.091888,1947.22,1260.80,22.60,7.9
1000201,84.709763,-69.077080,1948.32,2627.25,21.07,8.0
1000202,84.709610,-69.077263,1953.46,2610.80,21.43,2.6
1000203,84.709503,-69.090240,1957.32,1412.54,22.10,14.0
1000204,84.709450,-69.056931,1958.02,4487.41,22.60,5.2
1000205,84.709412,-69.076263,1959.94,2702.53,23.59,8.2
1000206,84.709335,-69.091774,1962.79,1271.29,22.01,15.7
1000207,84.709206,-69.079376,1966.73,2415.64,23.78,40.5
1000208,84.709137,-69.096352,1969.45,848.82,22.71,17.0
1000209,84.709000,-69.065384,1973.18,3707.17,23.03,13.5
1000210,84.708923,-69.078400,1975.93,2505.24,24.49,18.5
1000211,84.708923,-69.093201,1976.32,1139.54,20.46,6.2
1000212,84.708855,-69.101273,1978.85,394.44,23.49,8.3
1000213,84.708839,-69.086021,1978.96,1802.26,21.93,31.2
1000214,84.708702,-69.089897,1983.66,1444.34,24.02,42.3
1000215,84.708397,-69.090042,1993.73,1431.17,23.86,23.3
1000216,84.708183,-69.075569,2000.34,2766.52,24.22,21.6
1000217,84.708153,-69.096344,2001.84,849.63,23.47,20.8
1000218,84.708000,-69.083008,2006.69,2080.23,24.44,13.0
1000219,84.707886,-69.066925,2009.80,3564.79,19.06,2.6
1000220,84.707520,-69.086060,2022.41,1798.55,23.12,13.0
1000221,84.707474,-69.074333,2023.70,2881.23,23.02,14.5
1000222,84.707413,-69.094612,2026.20,1009.43,22.77,18.8
1000223,84.707184,-69.093079,2033.83,1150.72,22.74,18.8
1000224,84.707153,-69.061943,2034.03,4024.27,20.58,6.2
1000225,84.706978,-69.090073,2040.38,1428.18,19.97,5.0
1000226,84.706886,-69.100197,2043.74,493.49,23.71,23.8
1000227,84.706848,-69.082458,2044.45,2130.91,23.33,11.5
1000228,84.706810,-69.090004,2046.06,1434.26,22.38,32.4
1000229,84.706787,-69.088097,2046.61,1610.79,22.44,11.7
1000230,84.706627,-69.090469,2051.96,1391.85,19.82,4.0
1000231,84.706314,-69.074272,2062.04,2886.33,22.53,5.1
1000232,84.706108,-69.095078,2069.30,965.99,19.78,4.9
1000233,84.705841,-69.085594,2077.85,1841.35,22.90,11.3
1000234,84.705711,-69.088165,2082.18,1604.52,23.27,26.8
1000235,84.705528,-69.074356,2087.80,2878.54,22.72,1.5
1000236,84.705467,-69.099777,2090.37,532.27,23.86,17.7
1000237,84.705154,-69.072281,2100.14,3070.56,23.35,0.8
1000238,84.704933,-69.086784,2107.74,1731.91,23.41,16.2
1000239,84.704796,-69.076950,2112.16,2639.37,23.60,4.4
1000240,84.704796,-69.098961,2112.38,607.82,23.24,39.0
1000241,84.704765,-69.084435,2113.10,1948.66,22.92,3.9
1000242,84.704597,-69.092667,2118.88,1188.95,23.17,19.7
1000243,84.704582,-69.088989,2119.38,1527.93,20.86,8.3
1000244,84.704231,-69.081810,2130.87,2190.89,23.82,0.7
1000245,84.704178,-69.079041,2132.34,2446.20,19.98,5.2
1000246,84.704109,-69.077301,2134.56,2607.02,24.06,1.4
1000247,84.704102,-69.083153,2134.95,2066.79,22.79,8.6
1000248,84.704094,-69.082405,2135.40,2135.85,25.01,22.3
1000249,84.704041,-69.094376,2137.36,1030.98,19.65,4.0
1000250,84.703743,-69.074020,2146.69,2910.02,21.91,0.7
1000251,84.703743,-69.092056,2147.08,1244.75,20.32,6.1
1000252,84.703621,-69.092216,2151.01,1230.44,19.13,0.9
1000253,84.703438,-69.066727,2156.63,3583.24,19.64,0.2
1000254,84.703300,-69.094528,2161.55,1017.05,22.88,11.1
1000255,84.703163,-69.099579,2166.25,551.05,24.80,51.4
1000256,84.702827,-69.094063,2177.20,1060.05,20.49,6.3
1000257,84.702354,-69.085190,2192.75,1879.06,23.36,38.5
1000258,84.702332,-69.056877,2192.96,4492.19,19.71,0.1
1000259,84.702003,-69.087791,2204.29,1639.08,18.87,2.6
1000260,84.701752,-69.063789,2212.25,3854.50,24.82,51.0
1000261,84.701569,-69.077629,2218.51,2576.54,23.76,0.8
1000262,84.701340,-69.080627,2226.07,2299.69,23.71,20.0
1000263,84.701012,-69.058342,2236.50,4357.11,21.60,11.6
1000264,84.701012,-69.076653,2236.69,2666.99,22.04,31.2
1000265,84.700531,-69.075218,2252.71,2799.30,23.14,5.6
1000266,84.700363,-69.089203,2258.41,1508.34,19.61,3.6
1000267,84.699760,-69.088066,2278.18,1613.46,18.85,1.8
1000268,84.699600,-69.082993,2283.43,2081.72,22.38,10.8
1000269,84.699409,-69.066246,2289.50,3627.32,22.20,13.9
1000270,84.699409,-69.076927,2289.56,2641.33,22.06,1.2
1000271,84.699387,-69.095680,2290.53,910.65,23.60,42.3
1000272,84.699341,-69.091881,2291.94,1261.09,20.44,3.6
1000273,84.699181,-69.059052,2296.93,4291.56,22.26,32.2
1000274,84.699089,-69.073936,2300.10,2917.88,23.53,0.8
1000275,84.698868,-69.082558,2307.56,2122.04,20.61,6.8
1000276,84.698601,-69.071198,2316.14,3170.09,24.07,2.9
1000277,84.698219,-69.082878,2328.77,2091.94,21.58,0.6
1000278,84.697914,-69.076035,2338.98,2724.23,24.25,1.1
1000279,84.697861,-69.058090,2340.38,4380.47,21.73,2.1
1000280,84.697838,-69.072304,2341.31,3068.40,21.93,2.5
1000281,84.697815,-69.064865,2342.08,3754.70,22.37,1.0
1000282,84.697792,-69.071648,2342.95,3128.95,22.07,6.3
1000283,84.697746,-69.092903,2344.62,1166.85,22.30,33.2
1000284,84.697708,-69.078705,2345.78,2477.77,22.16,0.7
1000285,84.697670,-69.084068,2346.91,1982.34,23.24,0.5
1000286,84.697647,-69.092926,2347.85,1164.68,20.14,4.3
1000287,84.697517,-69.088036,2352.03,1616.57,20.50,6.9
1000288,84.697250,-69.057747,2360.52,4411.53,20.27,2.3
1000289,84.697083,-69.078773,2366.22,2471.12,24.07,23.3
1000290,84.697075,-69.075233,2366.42,2797.64,23.73,3.6
1000291,84.696983,-69.101097,2369.74,410.30,23.94,12.7
1000292,84.696495,-69.065697,2385.52,3678.43,21.74,8.0
1000293,84.696327,-69.070595,2391.05,3226.08,24.35,19.4
1000294,84.695900,-69.073906,2405.28,2920.34,24.33,3.6
1000295,84.695717,-69.067688,2411.23,3494.51,21.55,13.4
1000296,84.695534,-69.078957,2417.43,2453.89,22.86,2.5
1000297,84.695435,-69.072517,2420.55,3048.45,25.34,6.4
1000298,84.695152,-69.099625,2430.03,546.70,23.09,10.6
1000299,84.695068,-69.087051,2432.80,1707.34,24.35,14.3
1000300,84.695015,-69.100159,2434.53,497.15,23.33,20.4
1000301,84.694862,-69.073502,2439.49,2957.90,22.87,1.1
1000302,84.694824,-69.066269,2440.57,3625.40,20.40,6.8
1000303,84.694771,-69.075424,2442.58,2780.27,22.94,1.0
1000304,84.694725,-69.083282,2444.15,2055.20,23.41,4.5
1000305,84.694649,-69.059052,2446.40,4291.44,18.30,0.9
1000306,84.694603,-69.098824,2448.20,620.26,21.28,1.7
1000307,84.694466,-69.076981,2452.47,2636.97,22.87,1.1
1000308,84.694305,-69.066376,2457.76,3615.38,22.03,31.0
1000309,84.694305,-69.077232,2457.77,2613.12,23.12,12.7
1000310,84.694008,-69.092422,2467.59,1211.37,21.32,10.0
1000311,84.693939,-69.072861,2469.76,3016.70,23.29,11.3
1000312,84.693810,-69.102493,2474.16,282.03,23.44,16.2
1000313,84.693741,-69.102257,2476.58,303.76,23.74,5.2
1000314,84.693657,-69.075943,2479.27,2732.07,21.54,1.5
1000315,84.693535,-69.095543,2483.30,923.26,19.76,5.0
1000316,84.693459,-69.070053,2485.73,3276.10,22.92,12.7
1000317,84.693184,-69.069534,2494.88,3324.01,22.62,14.2
1000318,84.692734,-69.100739,2509.60,444.05,23.00,33.8
1000319,84.692726,-69.068634,2509.91,3406.83,23.49,36.8
1000320,84.692421,-69.078957,2520.04,2454.18,23.79,41.0
1000321,84.692207,-69.056290,2526.89,4546.09,23.30,38.9
1000322,84.692184,-69.100609,2527.66,455.75,22.82,5.0
1000323,84.692070,-69.076576,2531.45,2674.25,24.37,1.0
1000324,84.691986,-69.080086,2534.28,2350.16,18.42,1.9
1000325,84.691971,-69.085838,2534.78,1819.36,21.39,6.5
1000326,84.691826,-69.076057,2539.63,2721.56,23.30,1.1
1000327,84.691750,-69.065125,2541.96,3730.97,23.48,15.7
1000328,84.691460,-69.081825,2551.71,2189.17,24.11,23.7
1000329,84.691238,-69.093864,2559.01,1078.58,19.73,4.8
1000330,84.690376,-69.069588,2587.40,3318.85,22.54,9.2
1000331,84.690323,-69.076012,2589.21,2725.85,23.84,13.8
1000332,84.690315,-69.066071,2589.26,3643.96,22.32,1.1
1000333,84.690315,-69.059456,2589.28,4253.86,19.98,3.2
1000334,84.690033,-69.094025,2598.73,1063.38,20.43,6.4
1000335,84.689987,-69.072258,2600.11,3072.29,23.41,10.1
1000336,84.689774,-69.067131,2607.27,3546.02,22.46,32.9
1000337,84.689728,-69.077095,2608.70,2625.97,24.02,42.5
1000338,84.689514,-69.088608,2615.66,1563.70,22.78,6.2
1000339,84.689484,-69.085220,2616.67,1876.25,21.63,3.7
1000340,84.689438,-69.063560,2618.22,3875.30,18.27,1.5
1000341,84.689438,-69.067444,2618.37,3516.72,20.92,8.6
1000342,84.689255,-69.080292,2624.32,2331.36,23.80,9.9
1000343,84.689209,-69.101181,2625.79,402.93,24.63,50.4
1000344,84.688889,-69.078934,2636.46,2456.06,23.83,5.4
1000345,84.688553,-69.077469,2647.52,2591.65,24.97,53.0
1000346,84.687958,-69.073944,2667.17,2916.78,25.47,17.2
1000347,84.687859,-69.095497,2670.15,927.51,22.55,14.3
1000348,84.687775,-69.075859,2673.11,2740.17,23.45,1.7
1000349,84.687744,-69.057228,2674.09,4460.11,18.80,1.6
1000350,84.687698,-69.092812,2675.47,1175.65,22.99,4.0
1000351,84.687691,-69.078598,2675.96,2487.14,20.28,4.7
1000352,84.687561,-69.085564,2680.21,1844.18,19.85,5.0
1000353,84.687553,-69.059875,2680.49,4215.53,22.80,5.5
1000354,84.687462,-69.078468,2683.51,2498.98,19.78,4.7
1000355,84.687302,-69.072441,2688.79,3055.74,21.89,14.9
1000356,84.686790,-69.087852,2705.61,1633.09,22.61,13.7
1000357,84.686752,-69.098541,2706.71,646.87,21.35,3.1
1000358,84.686684,-69.057846,2709.23,4402.59,19.41,1.6
1000359,84.686661,-69.086678,2709.68,1741.70,22.82,1.9
1000360,84.686569,-69.081505,2712.83,2219.23,24.07,14.6
1000361,84.686523,-69.061073,2714.43,4105.19,22.35,30.4
1000362,84.686371,-69.068405,2719.33,3428.45,22.47,1.2
1000363,84.686325,-69.060883,2721.00,4122.31,21.46,1.0
1000364,84.686279,-69.074974,2722.41,2822.04,22.72,0.6
1000365,84.686226,-69.085434,2724.03,1856.52,22.22,10.0
1000366,84.686203,-69.084709,2724.81,1923.00,22.76,0.7
1000367,84.686157,-69.066322,2726.40,3620.20,22.52,20.0
1000368,84.686005,-69.082832,2731.53,2096.84,24.61,3.7
1000369,84.685722,-69.087334,2740.64,1680.78,21.61,0.4
1000370,84.685310,-69.075005,2754.47,2818.88,23.02,0.6
1000371,84.685310,-69.057640,2754.55,4421.94,19.70,3.7
1000372,84.685204,-69.057312,2757.98,4451.99,19.43,2.6
1000373,84.685196,-69.069054,2758.18,3368.52,21.27,0.6
1000374,84.685143,-69.087730,2759.82,1644.52,21.43,5.1
1000375,84.684975,-69.074715,2765.44,2845.54,23.73,2.0
1000376,84.684891,-69.080856,2768.02,2278.62,23.07,0.9
1000377,84.684685,-69.083023,2774.90,2079.03,22.53,30.1
1000378,84.684601,-69.083488,2777.72,2035.96,22.73,15.7
1000379,84.684532,-69.102448,2779.60,285.74,22.23,30.0
1000380,84.684357,-69.096115,2785.48,870.40,19.88,4.7
1000381,84.684326,-69.068893,2786.87,3383.25,23.14,18.1
1000382,84.684311,-69.071068,2787.28,3182.34,21.73,0.9
1000383,84.684174,-69.084732,2791.78,1921.21,20.44,6.7
1000384,84.684082,-69.072304,2794.90,3068.27,21.34,1.5
1000385,84.684006,-69.089310,2797.18,1498.51,23.11,38.0
1000386,84.683784,-69.083580,2804.53,2027.34,22.90,37.4
1000387,84.683716,-69.086227,2806.86,1783.36,22.73,1.8
1000388,84.683563,-69.076607,2811.90,2671.02,23.27,1.7
1000389,84.683540,-69.071144,2812.73,3175.24,23.47,0.8
1000390,84.683525,-69.101906,2812.87,336.25,21.52,7.6
1000391,84.683289,-69.080566,2821.07,2305.75,19.97,3.5
1000392,84.683273,-69.069069,2821.49,3367.22,24.35,48.3
1000393,84.683121,-69.073677,2826.44,2941.81,23.45,4.7
1000394,84.683090,-69.086327,2827.51,1773.90,23.23,18.0
1000395,84.683060,-69.084877,2828.55,1907.92,23.29,0.3
1000396,84.683029,-69.082909,2829.47,2089.45,22.20,1.2
1000397,84.682953,-69.098419,2831.67,657.96,22.15,15.7
1000398,84.682930,-69.073830,2832.94,2927.75,22.78,1.7
1000399,84.682884,-69.063370,2834.34,3892.95,21.04,0.0
1000400,84.682884,-69.078629,2834.37,2484.41,25.15,29.0
1000401,84.682800,-69.057068,2837.32,4474.24,20.57,1.5
1000402,84.682755,-69.076683,2838.57,2664.43,22.65,0.0
1000403,84.682571,-69.062546,2844.78,3969.08,22.34,32.4
1000404,84.682533,-69.090530,2845.67,1386.16,20.15,4.7
1000405,84.682541,-69.070038,2845.76,3277.44,22.04,0.7
1000406,84.682480,-69.077873,2847.60,2554.50,24.37,16.9
1000407,84.682472,-69.077820,2847.84,2559.30,22.13,0.6
1000408,84.682449,-69.073654,2848.79,2943.40,22.89,8.8
1000409,84.682274,-69.075287,2854.38,2792.62,22.88,4.0
1000410,84.682266,-69.075157,2854.70,2804.90,22.31,1.4
1000411,84.682121,-69.092842,2859.22,1172.84,22.15,12.5
1000412,84.682114,-69.073769,2859.85,2933.34,22.75,2.7
1000413,84.681725,-69.082886,2872.37,2091.69,19.91,4.7
1000414,84.681686,-69.085518,2873.72,1848.44,24.63,7.4
1000415,84.681671,-69.075729,2874.25,2751.92,21.09,1.1
1000416,84.681480,-69.078041,2880.68,2538.72,22.67,0.0
1000417,84.681465,-69.063644,2881.18,3867.83,20.54,5.9
1000418,84.681442,-69.099136,2881.58,591.30,19.39,3.8
1000419,84.681450,-69.073898,2881.66,2921.37,20.62,6.6
1000420,84.681335,-69.069923,2885.49,3288.03,21.78,7.5
1000421,84.681274,-69.081161,2887.42,2251.03,20.34,1.5
1000422,84.681175,-69.085350,2890.53,1863.82,21.09,3.9
1000423,84.681061,-69.090904,2894.13,1351.32,20.77,1.2
1000424,84.681007,-69.084251,2896.09,1965.39,23.99,5.1
1000425,84.680946,-69.079330,2898.12,2420.02,20.54,4.5
1000426,84.680908,-69.094345,2899.17,1033.99,19.82,5.0
1000427,84.680901,-69.081390,2899.62,2229.53,21.89,29.4
1000428,84.680862,-69.084770,2900.95,1917.89,20.49,0.0
1000429,84.680717,-69.072060,2905.90,3091.05,22.27,15.7
1000430,84.680618,-69.072990,2909.15,3005.06,22.49,9.0
1000431,84.680504,-69.059380,2913.06,4261.06,19.85,5.0
1000432,84.680420,-69.084114,2915.53,1978.16,21.02,1.2
1000433,84.680359,-69.074181,2917.55,2894.89,21.92,2.2
1000434,84.680344,-69.103302,2917.68,206.96,21.65,28.7
1000435,84.680313,-69.087952,2918.99,1623.64,20.78,1.2
1000436,84.680130,-69.074135,2925.24,2899.52,20.89,1.6
1000437,84.680061,-69.072121,2927.40,3085.11,21.95,5.9
1000438,84.680046,-69.083046,2927.75,2076.71,22.86,12.3
1000439,84.680038,-69.069199,2928.30,3354.77,20.49,3.3
1000440,84.680016,-69.071915,2929.00,3104.15,24.12,46.1
1000441,84.679993,-69.085670,2929.39,1834.87,20.73,5.6
1000442,84.679955,-69.079170,2930.91,2434.41,21.62,10.8
1000443,84.679840,-69.070114,2934.82,3270.21,22.37,3.6
1000444,84.679749,-69.093880,2937.27,1076.70,22.72,34.5
1000445,84.679749,-69.081421,2937.50,2226.88,21.64,26.3
1000446,84.679520,-69.092949,2944.90,1162.74,24.25,24.8
1000447,84.679489,-69.085724,2946.07,1829.93,22.08,6.8
1000448,84.679390,-69.073311,2949.46,2975.43,22.80,8.1
1000449,84.679054,-69.076080,2960.64,2719.44,21.09,0.2
1000450,84.678848,-69.088585,2967.26,1565.26,18.82,2.4
1000451,84.678780,-69.101067,2969.15,413.53,19.73,4.7
1000452,84.678513,-69.078041,2978.50,2538.96,20.20,5.4
1000453,84.678406,-69.095078,2981.59,966.19,21.67,28.2
1000454,84.678383,-69.087540,2982.48,1662.09,21.65,4.9
1000455,84.678276,-69.084351,2986.02,1956.06,22.23,32.2
1000456,84.678261,-69.079002,2986.59,2450.06,22.69,0.6
1000457,84.678078,-69.093948,2992.43,1070.32,20.18,6.2
1000458,84.677933,-69.089165,2997.21,1511.67,20.33,3.7
1000459,84.677933,-69.084297,2997.34,1961.55,19.04,1.6
1000460,84.677887,-69.087280,2998.94,1685.95,23.04,2.2
1000461,84.677834,-69.080345,3000.68,2325.80,21.53,9.7
1000462,84.677788,-69.078850,3002.18,2463.82,20.83,5.0
1000463,84.677704,-69.090172,3004.84,1418.83,20.47,5.5
1000464,84.677490,-69.102219,3011.67,307.41,20.27,0.2
1000465,84.677185,-69.082077,3022.09,2166.48,20.78,7.1
1000466,84.677094,-69.093254,3024.73,1134.20,22.78,13.2
1000467,84.676880,-69.071480,3032.29,3144.24,20.87,1.2
1000468,84.676590,-69.057785,3042.14,4408.17,18.25,0.7
1000469,84.676544,-69.075005,3043.43,2819.12,20.20,3.4
1000470,84.676437,-69.069717,3046.87,3307.11,22.36,12.7
1000471,84.676399,-69.090950,3047.85,1347.47,20.69,4.7
1000472,84.676369,-69.079224,3049.11,2429.24,20.19,1.9
1000473,84.676353,-69.073616,3049.68,2946.95,21.34,2.1
1000474,84.676132,-69.086205,3056.58,1785.35,20.12,6.2
1000475,84.676048,-69.073143,3059.79,2990.74,20.13,6.0
1000476,84.675972,-69.070930,3062.34,3194.85,22.35,14.2
1000477,84.675934,-69.083328,3063.28,2050.88,21.83,0.5
1000478,84.675850,-69.080643,3066.03,2298.69,19.61,3.4
1000479,84.675751,-69.071671,3069.62,3126.76,21.68,3.6
1000480,84.675194,-69.070969,3088.00,3191.28,22.57,1.8
1000481,84.675163,-69.077087,3088.89,2626.96,20.77,5.2
1000482,84.675133,-69.067535,3090.08,3508.64,20.81,4.7
1000483,84.674889,-69.079613,3097.72,2393.35,21.31,0.7
1000484,84.674889,-69.081795,3097.88,2192.49,19.79,4.0
1000485,84.674820,-69.087753,3099.84,1642.14,20.96,8.5
1000486,84.674751,-69.070290,3102.56,3253.88,23.17,5.0
1000487,84.674698,-69.072975,3104.37,3005.95,19.90,16.8
1000488,84.674454,-69.076340,3112.11,2695.67,21.27,8.0
1000489,84.674370,-69.079750,3115.03,2380.79,21.63,7.0
1000490,84.674301,-69.097382,3116.69,753.20,20.04,3.6
1000491,84.674240,-69.062485,3119.54,3974.55,19.51,2.2
1000492,84.674026,-69.067200,3126.43,3539.46,19.85,4.9
1000493,84.673843,-69.089745,3131.91,1458.43,21.23,5.2
1000494,84.673851,-69.057838,3132.41,4403.65,19.86,3.7
1000495,84.673775,-69.070282,3134.73,3254.56,24.39,37.8
1000496,84.673630,-69.090164,3139.16,1419.65,24.21,1.2
1000497,84.673630,-69.077171,3139.47,2619.13,21.28,1.0
1000498,84.673576,-69.057564,3141.50,4428.56,21.46,23.4
1000499,84.673531,-69.062965,3142.91,3930.31,18.35,1.5
1000500,84.673454,-69.076965,3145.21,2637.66,18.84,0.9
1000501,84.673447,-69.070595,3145.57,3225.78,21.50,8.0
1000502,84.673386,-69.097618,3146.87,731.67,19.22,1.3
1000503,84.673386,-69.070786,3147.52,3208.21,22.56,2.8
1000504,84.673355,-69.071312,3148.47,3159.61,23.82,40.7
1000505,84.673347,-69.070740,3148.73,3212.33,24.46,31.9
1000506,84.673218,-69.070457,3153.19,3238.52,23.48,41.0
1000507,84.673164,-69.075562,3154.62,2767.33,18.65,1.8
1000508,84.673065,-69.087936,3157.62,1625.24,19.46,3.6
1000509,84.673058,-69.080620,3158.21,2300.54,18.63,0.0
1000510,84.673019,-69.061394,3159.91,4074.91,18.85,2.0
1000511,84.673004,-69.058731,3160.38,4321.10,20.02,4.9
1000512,84.672935,-69.073479,3162.23,2959.97,20.81,22.5
1000513,84.672867,-69.068092,3164.80,3457.12,20.32,0.9
1000514,84.672806,-69.080917,3166.41,2273.05,19.67,3.8
1000515,84.672798,-69.074348,3166.75,2879.20,20.25,0.5
1000516,84.672699,-69.074875,3170.06,2830.58,21.67,0.0
1000517,84.672600,-69.087364,3173.01,1677.81,19.05,1.4
1000518,84.672501,-69.086853,3176.42,1725.56,21.82,31.2
1000519,84.672508,-69.070679,3176.47,3218.05,23.68,19.7
1000520,84.672508,-69.059258,3176.78,4272.65,19.18,2.5
1000521,84.672432,-69.061234,3179.33,4090.01,18.53,0.9
1000522,84.672409,-69.077293,3179.51,2608.04,18.94,2.1
1000523,84.672379,-69.084076,3180.44,1981.82,21.12,0.8
1000524,84.672379,-69.078110,3180.47,2532.28,19.91,3.9
1000525,84.672356,-69.092194,3180.99,1232.30,20.67,8.4
1000526,84.672295,-69.070595,3183.43,3225.92,23.10,0.7
1000527,84.672089,-69.083282,3190.01,2054.59,18.46,0.5
1000528,84.672096,-69.072151,3190.07,3082.35,21.37,25.8
1000529,84.672050,-69.077042,3191.42,2631.15,20.87,5.4
1000530,84.672012,-69.079887,3192.53,2367.95,23.32,21.8
1000531,84.671761,-69.083496,3200.79,2034.82,22.61,5.3
1000532,84.671745,-69.094391,3200.99,1029.24,19.76,2.2
1000533,84.671684,-69.097824,3202.79,712.92,19.07,0.0
1000534,84.671585,-69.071419,3206.83,3149.59,21.47,12.8
1000535,84.671371,-69.086937,3213.44,1717.70,20.30,1.6
1000536,84.671280,-69.090942,3216.39,1347.67,21.75,2.9
1000537,84.671150,-69.075310,3221.24,2790.96,21.02,0.2
1000538,84.671097,-69.082047,3222.83,2169.25,20.27,7.1
1000539,84.671059,-69.073563,3224.19,2952.33,18.65,2.0
1000540,84.671013,-69.087379,3225.39,1676.83,18.87,2.4
1000541,84.670868,-69.080017,3230.39,2355.94,19.01,1.6
1000542,84.670868,-69.074883,3230.48,2830.13,22.00,5.3
1000543,84.670578,-69.071693,3240.02,3124.86,20.72,2.2
1000544,84.670563,-69.084244,3240.26,1966.35,22.67,20.6
1000545,84.670555,-69.071609,3240.99,3132.19,20.66,5.1
1000546,84.670517,-69.077324,3242.05,2604.52,21.81,0.5
1000547,84.670464,-69.097710,3243.02,723.02,22.68,10.6
1000548,84.670380,-69.074806,3246.47,2837.32,20.34,5.8
1000549,84.670357,-69.071999,3247.32,3096.26,18.27,1.0
1000550,84.670204,-69.082512,3252.16,2125.95,21.11,0.8
1000551,84.670158,-69.091942,3253.36,1255.35,21.75,1.1
1000552,84.670059,-69.069687,3257.36,3309.65,19.80,3.6
1000553,84.670044,-69.071465,3257.73,3145.40,19.39,2.5
1000554,84.670021,-69.086311,3257.98,1775.19,22.88,4.5
1000555,84.669960,-69.090973,3260.02,1344.98,21.43,8.2
1000556,84.669937,-69.073669,3261.25,2942.19,19.21,2.0
1000557,84.669930,-69.075989,3261.46,2728.06,20.19,0.3
1000558,84.669907,-69.068512,3262.35,3418.47,21.28,6.3
1000559,84.669754,-69.071823,3267.34,3112.41,22.64,2.4
1000560,84.669708,-69.088425,3268.16,1580.29,21.68,3.3
1000561,84.669678,-69.069191,3269.86,3355.53,22.92,0.0
1000562,84.669640,-69.088120,3270.63,1608.37,22.03,5.6
1000563,84.669647,-69.075165,3270.70,2804.04,22.48,1.4
1000564,84.669579,-69.084137,3272.80,1976.20,22.97,1.8
1000565,84.669563,-69.075096,3273.54,2810.80,19.78,1.4
1000566,84.669510,-69.103271,3274.27,209.94,20.34,6.5
1000567,84.669472,-69.073128,3276.58,2992.11,20.26,0.5
1000568,84.669342,-69.069580,3280.97,3319.86,22.68,3.4
1000569,84.669312,-69.087875,3281.47,1630.97,20.39,6.8
1000570,84.669144,-69.103310,3286.30,206.64,20.20,6.5
1000571,84.669167,-69.077568,3286.51,2582.12,19.73,0.2
1000572,84.668991,-69.090958,3291.70,1346.67,22.87,5.4
1000573,84.668953,-69.090469,3293.00,1391.15,21.34,6.1
1000574,84.668884,-69.074341,3295.76,2880.07,20.59,1.7
1000575,84.668854,-69.069832,3296.98,3296.70,22.62,5.8
1000576,84.668839,-69.084579,3297.07,1935.11,22.39,7.5
1000577,84.668808,-69.080589,3298.14,2303.31,21.51,0.6
1000578,84.668770,-69.083542,3299.27,2031.04,22.06,1.7
1000579,84.668732,-69.075409,3300.86,2781.54,21.29,3.0
1000580,84.668602,-69.072464,3305.13,3053.45,22.04,0.5
1000581,84.668510,-69.083038,3307.84,2077.62,23.14,0.7
1000582,84.668427,-69.082306,3310.72,2144.98,20.20,0.6
1000583,84.668427,-69.077972,3310.89,2545.26,20.82,6.7
1000584,84.668419,-69.074852,3311.29,2832.97,19.70,4.2
1000585,84.668381,-69.078125,3312.45,2530.83,22.55,1.5
1000586,84.668327,-69.084244,3313.93,1966.14,22.81,1.6
1000587,84.668304,-69.078201,3314.80,2523.83,21.81,0.5
1000588,84.668320,-69.065979,3314.82,3651.99,21.00,0.5
1000589,84.668259,-69.099159,3315.61,589.48,19.52,2.6
1000590,84.668236,-69.078255,3317.04,2518.60,22.16,0.3
1000591,84.668213,-69.103081,3317.14,227.25,19.47,4.0
1000592,84.668205,-69.074600,3318.16,2856.41,21.89,1.6
1000593,84.668182,-69.084335,3318.68,1958.00,22.55,0.8
1000594,84.668175,-69.059883,3319.73,4214.78,20.41,6.8
1000595,84.668129,-69.084297,3320.47,1961.49,23.23,19.0
1000596,84.668114,-69.097771,3320.57,717.58,19.72,4.5
1000597,84.668121,-69.082283,3320.69,2147.30,20.18,4.3
1000598,84.668060,-69.066322,3323.38,3620.23,18.88,2.5
1000599,84.667877,-69.071602,3329.25,3132.84,19.58,4.3
1000600,84.667847,-69.086411,3329.58,1766.37,23.25,10.9
1000601,84.667816,-69.085327,3330.73,1866.46,23.82,3.9
1000602,84.667747,-69.072296,3333.52,3068.76,21.93,1.8
1000603,84.667564,-69.081017,3339.12,2263.69,19.89,1.1
1000604,84.667519,-69.069656,3340.97,3312.67,21.28,3.4
1000605,84.667519,-69.070580,3341.14,3227.55,23.03,1.5
1000606,84.667480,-69.078720,3341.93,2475.72,20.40,1.9
1000607,84.667480,-69.078690,3342.13,2478.71,20.20,1.6
1000608,84.667473,-69.075287,3342.28,2792.85,18.86,0.8
1000609,84.667435,-69.070290,3343.78,3254.00,20.14,1.0
1000610,84.667366,-69.103043,3344.95,230.93,22.90,13.0
1000611,84.667297,-69.088127,3347.78,1607.75,20.95,0.9
1000612,84.667259,-69.083405,3349.21,2043.46,23.26,0.8
1000613,84.667198,-69.097000,3350.74,788.72,18.90,2.0
1000614,84.667168,-69.090546,3351.81,1384.17,22.64,12.5
1000615,84.667160,-69.077805,3352.53,2560.43,19.80,2.6
1000616,84.667091,-69.089645,3354.42,1467.25,23.00,0.8
1000617,84.667091,-69.075134,3355.02,2807.17,18.03,1.2
1000618,84.667061,-69.080757,3355.75,2287.58,20.20,1.1
1000619,84.666924,-69.082664,3360.30,2111.94,21.74,2.2
1000620,84.666924,-69.080399,3360.37,2321.36,21.58,0.2
1000621,84.666840,-69.070251,3363.32,3257.86,20.97,0.3
1000622,84.666817,-69.087273,3363.67,1686.33,22.39,6.9
1000623,84.666763,-69.100235,3364.88,490.25,19.97,5.7
1000624,84.666756,-69.097198,3365.26,770.01,20.10,6.1
1000625,84.666771,-69.079521,3365.27,2401.88,20.73,2.1
1000626,84.666710,-69.080002,3367.32,2357.69,20.23,1.8
1000627,84.666641,-69.078537,3369.70,2493.06,19.42,1.1
1000628,84.666595,-69.070526,3371.57,3232.57,20.96,3.6
1000629,84.666542,-69.088295,3372.66,1592.30,19.58,4.1
1000630,84.666519,-69.071045,3373.89,3184.62,20.49,1.5
1000631,84.666328,-69.087395,3379.60,1674.97,23.17,20.8
1000632,84.666214,-69.081520,3383.77,2217.55,20.58,3.7
1000633,84.666168,-69.070419,3385.65,3242.07,20.60,0.2
1000634,84.666107,-69.071281,3387.49,3162.63,18.74,1.8
1000635,84.666100,-69.071640,3387.81,3129.76,21.72,1.4
1000636,84.666069,-69.082176,3388.42,2156.85,19.91,3.9
1000637,84.666077,-69.070312,3388.48,3251.93,22.88,12.2
1000638,84.666054,-69.085762,3388.68,1826.20,21.24,1.5
1000639,84.665947,-69.080139,3392.57,2344.72,20.24,3.1
1000640,84.665909,-69.068588,3394.17,3410.88,21.81,28.0
1000641,84.665901,-69.075607,3394.21,2763.28,19.63,3.0
1000642,84.665810,-69.069908,3397.41,3289.60,19.79,1.9
1000643,84.665764,-69.076370,3398.63,2692.75,18.98,1.6
1000644,84.665688,-69.082619,3400.91,2116.09,21.25,5.1
1000645,84.665665,-69.073189,3402.03,2986.28,20.49,4.4
1000646,84.665611,-69.077301,3403.76,2606.91,18.86,2.0
1000647,84.665588,-69.068024,3404.72,3463.25,19.37,1.6
1000648,84.665527,-69.079475,3406.42,2406.13,20.66,4.1
1000649,84.665527,-69.075401,3406.48,2782.57,20.34,0.4
1000650,84.665443,-69.061340,3409.67,4079.91,20.75,5.5
1000651,84.665359,-69.080521,3411.84,2309.83,19.71,0.4
1000652,84.665337,-69.078041,3412.62,2538.82,18.98,0.8
1000653,84.665306,-69.071800,3413.92,3114.78,21.48,6.2
1000654,84.665283,-69.082916,3414.22,2088.75,21.60,2.4
1000655,84.665184,-69.086899,3417.45,1721.09,20.04,6.2
1000656,84.665092,-69.078026,3420.85,2539.77,18.24,1.0
1000657,84.665001,-69.087608,3423.36,1655.46,19.73,4.7
1000658,84.664925,-69.063110,3426.89,3916.94,19.38,1.0
1000659,84.664879,-69.063164,3428.20,3912.09,19.94,2.8
1000660,84.664818,-69.077408,3429.74,2597.24,19.32,1.6
1000661,84.664742,-69.091614,3431.90,1285.83,22.95,0.8
1000662,84.664734,-69.085060,3432.21,1890.42,21.52,4.5
1000663,84.664711,-69.074471,3433.53,2868.07,21.57,4.6
1000664,84.664505,-69.070190,3440.44,3263.53,23.27,38.1
1000665,84.664360,-69.088913,3444.42,1535.41,21.58,12.2
1000666,84.664337,-69.076904,3445.74,2643.53,18.93,2.0
1000667,84.664284,-69.084808,3447.07,1913.89,20.01,2.2
1000668,84.664253,-69.070129,3448.78,3268.64,21.60,1.4
1000669,84.664024,-69.068207,3456.42,3446.64,19.64,4.2
1000670,84.663994,-69.076103,3457.02,2717.61,19.39,0.7
1000671,84.663925,-69.080551,3459.08,2306.85,20.13,0.4
1000672,84.663910,-69.076698,3459.75,2662.39,19.45,3.4
1000673,84.663795,-69.083748,3463.28,2011.88,21.52,0.5
1000674,84.663780,-69.089684,3463.59,1463.97,21.91,3.5
1000675,84.663750,-69.086861,3464.61,1724.80,22.89,34.9
1000676,84.663765,-69.075302,3464.67,2791.15,18.05,1.2
1000677,84.663704,-69.062561,3466.97,3967.53,20.55,5.9
1000678,84.663681,-69.076607,3467.43,2671.17,20.15,0.7
1000679,84.663666,-69.067162,3468.09,3542.93,20.99,3.2
1000680,84.663651,-69.079391,3468.11,2413.89,19.52,1.1
1000681,84.663651,-69.071869,3468.61,3108.41,19.72,4.7
1000682,84.663597,-69.093552,3469.42,1106.66,20.45,0.4
1000683,84.663567,-69.076302,3471.05,2698.83,18.94,1.3
1000684,84.663528,-69.082016,3472.05,2171.40,20.59,0.2
1000685,84.663490,-69.092712,3473.01,1184.19,22.07,1.3
1000686,84.663406,-69.085121,3476.16,1884.74,21.63,0.5
1000687,84.663368,-69.082130,3477.49,2160.84,21.42,0.6
1000688,84.663322,-69.082512,3478.87,2126.05,21.14,1.4
1000689,84.663208,-69.075821,3483.02,2743.67,20.06,2.0
1000690,84.663147,-69.063889,3485.49,3844.67,18.97,2.6
1000691,84.663017,-69.070221,3489.49,3260.16,20.53,2.4
1000692,84.662979,-69.076706,3490.40,2661.79,20.11,1.9
1000693,84.662811,-69.076614,3496.01,2670.28,19.56,1.1
1000694,84.662682,-69.067307,3500.64,3529.13,19.82,1.0
1000695,84.662666,-69.079666,3500.77,2388.63,18.55,1.7
1000696,84.662544,-69.070053,3505.17,3275.70,19.25,2.5
1000697,84.662476,-69.100647,3506.05,452.19,20.24,4.0
1000698,84.662468,-69.070000,3507.62,3280.97,21.14,1.4
1000699,84.662384,-69.071121,3510.37,3177.08,20.14,6.3
1000700,84.662323,-69.101562,3510.90,367.22,18.75,1.9
1000701,84.662338,-69.077217,3511.53,2614.27,20.51,0.5
1000702,84.662300,-69.061371,3513.50,4077.12,23.71,14.2
1000703,84.662193,-69.083313,3516.08,2052.03,21.45,1.0
1000704,84.662186,-69.083710,3516.43,2015.10,22.87,2.4
1000705,84.662170,-69.063103,3517.66,3917.48,20.60,2.0
1000706,84.662148,-69.075851,3517.99,2740.77,19.71,4.4
1000707,84.662094,-69.102882,3518.49,245.41,19.90,3.4
1000708,84.662064,-69.083717,3520.34,2014.61,22.26,5.3
1000709,84.662025,-69.076157,3521.81,2712.49,18.55,1.7
1000710,84.661926,-69.084641,3524.71,1929.48,20.84,6.3
1000711,84.661797,-69.083366,3529.14,2046.97,21.94,0.7
1000712,84.661758,-69.085495,3530.30,1850.61,23.09,1.1
1000713,84.661766,-69.075523,3530.50,2771.00,18.80,2.2
1000714,84.661728,-69.101601,3530.50,363.66,20.74,3.3
1000715,84.661507,-69.080292,3538.77,2330.70,19.45,1.2
1000716,84.661385,-69.076210,3543.06,2707.75,19.17,1.3
1000717,84.661377,-69.074921,3543.26,2826.51,18.32,1.5
1000718,84.661316,-69.081070,3545.06,2259.20,22.38,12.7
1000719,84.661209,-69.085709,3548.39,1830.64,22.33,4.5
1000720,84.661087,-69.068275,3553.09,3440.16,21.27,2.5
1000721,84.660957,-69.077431,3557.13,2595.14,20.54,0.3
1000722,84.660774,-69.076836,3563.18,2649.88,20.10,5.9
1000723,84.660484,-69.092300,3572.02,1222.41,24.75,30.5
1000724,84.660416,-69.075348,3574.90,2787.28,19.26,1.0
1000725,84.660347,-69.073875,3577.31,2923.17,19.68,4.1
1000726,84.660294,-69.071556,3579.12,3136.94,21.40,24.0
1000727,84.660271,-69.086266,3579.25,1779.42,23.47,39.7
1000728,84.660179,-69.074951,3582.77,2823.75,19.26,2.9
1000729,84.660049,-69.080399,3586.78,2321.24,19.94,0.3
1000730,84.659996,-69.074921,3588.96,2826.31,20.32,3.8
1000731,84.659790,-69.069756,3595.98,3303.40,19.20,2.7
1000732,84.659767,-69.066788,3596.66,3577.23,19.70,2.5
1000733,84.659744,-69.074883,3597.21,2830.06,20.18,5.8
1000734,84.659691,-69.089561,3598.34,1475.38,20.52,1.7
1000735,84.658989,-69.082924,3621.61,2088.08,22.17,0.6
1000736,84.658951,-69.067070,3623.55,3550.84,18.77,1.4
1000737,84.658859,-69.074905,3626.27,2828.08,19.76,2.2
1000738,84.658844,-69.058945,3627.63,4301.43,21.72,13.1
1000739,84.658707,-69.091873,3630.65,1261.88,22.34,5.9
1000740,84.658699,-69.086540,3631.10,1753.67,19.73,2.4
1000741,84.658684,-69.085365,3631.58,1862.51,21.71,5.0
1000742,84.658691,-69.062119,3632.47,4007.90,22.99,4.7
1000743,84.658600,-69.083321,3634.56,2051.26,18.38,0.9
1000744,84.658585,-69.079453,3635.10,2407.95,19.43,1.1
1000745,84.658478,-69.099342,3637.63,572.68,24.29,7.1
1000746,84.658493,-69.083748,3637.91,2011.58,19.04,0.8
1000747,84.658379,-69.078346,3641.97,2510.09,18.55,0.4
1000748,84.658379,-69.077240,3642.07,2612.55,21.39,1.0
1000749,84.658318,-69.066971,3644.67,3560.39,19.47,2.3
1000750,84.658257,-69.094086,3645.24,1057.79,22.03,5.4
1000751,84.658272,-69.074478,3645.78,2867.52,21.33,0.4
1000752,84.658089,-69.079147,3651.44,2436.57,20.08,0.7
1000753,84.657990,-69.084244,3654.54,1966.07,21.83,1.3
1000754,84.657906,-69.082611,3657.31,2116.64,20.74,1.0
1000755,84.657898,-69.077019,3658.04,2632.59,18.76,2.2
1000756,84.657806,-69.086380,3660.41,1768.76,22.85,5.0
1000757,84.657768,-69.070023,3662.56,3278.44,20.98,24.2
1000758,84.657707,-69.076988,3664.28,2635.66,19.05,2.6
1000759,84.657646,-69.095444,3665.37,932.47,19.65,4.5
1000760,84.657661,-69.079666,3665.71,2388.58,21.89,0.5
1000761,84.657623,-69.079765,3666.90,2379.29,20.22,0.5
1000762,84.657616,-69.079567,3667.07,2397.83,20.19,0.0
1000763,84.657555,-69.076645,3669.30,2667.26,19.85,4.8
1000764,84.657532,-69.071785,3670.30,3115.98,19.97,3.7
1000765,84.657448,-69.081039,3672.64,2261.40,20.75,0.4
1000766,84.657280,-69.090721,3677.51,1367.96,20.54,1.9
1000767,84.657219,-69.088730,3679.62,1551.74,18.43,1.7
1000768,84.657112,-69.068497,3684.24,3419.17,20.48,0.2
1000769,84.656937,-69.079079,3689.43,2442.78,20.27,1.8
1000770,84.656807,-69.068436,3694.40,3425.30,18.94,2.5
1000771,84.656792,-69.079422,3694.40,2410.85,19.57,3.9
1000772,84.656723,-69.103989,3695.27,143.20,21.41,13.6
1000773,84.656624,-69.092201,3699.18,1231.54,22.50,2.4
1000774,84.656601,-69.061073,3701.49,4104.67,22.58,6.2
1000775,84.656532,-69.078583,3702.80,2488.69,20.25,6.0
1000776,84.656509,-69.082016,3703.55,2171.36,19.67,4.3
1000777,84.656403,-69.069618,3707.57,3315.72,18.41,1.4
1000778,84.656311,-69.079170,3710.26,2434.08,18.79,1.9
1000779,84.656265,-69.061584,3712.57,4057.28,22.14,31.9
1000780,84.656197,-69.101639,3712.75,360.47,23.17,5.4
1000781,84.656151,-69.099304,3714.24,575.83,20.81,5.5
1000782,84.656143,-69.092125,3715.02,1238.28,21.22,8.0
1000783,84.656044,-69.068695,3719.50,3401.05,21.16,1.3
1000784,84.655952,-69.086281,3721.67,1778.13,19.73,4.3
1000785,84.655983,-69.064262,3721.78,3809.96,19.66,4.6
1000786,84.655945,-69.083008,3722.05,2079.95,19.55,1.3
1000787,84.655937,-69.081917,3722.21,2180.59,21.07,1.5
1000788,84.655869,-69.075821,3724.87,2743.16,20.37,4.3
1000789,84.655777,-69.092400,3726.97,1212.81,22.33,6.2
1000790,84.655807,-69.066071,3727.27,3643.27,19.76,3.1
1000791,84.655746,-69.093307,3728.11,1129.08,21.71,1.3
1000792,84.655663,-69.083755,3731.30,2010.95,20.25,1.9
1000793,84.655579,-69.074478,3734.46,2867.22,18.64,1.9
1000794,84.655518,-69.078712,3736.20,2476.33,19.52,1.0
1000795,84.655487,-69.072128,3737.63,3084.07,22.05,31.2
1000796,84.655434,-69.085846,3738.67,1818.23,22.75,2.6
1000797,84.655457,-69.064255,3739.05,3810.99,19.01,2.7
1000798,84.655350,-69.079872,3741.78,2369.42,19.32,1.7
1000799,84.655327,-69.072990,3742.79,3004.40,18.62,1.7
1000800,84.655296,-69.069984,3744.01,3282.40,20.18,2.6
1000801,84.655273,-69.080772,3744.23,2286.15,19.21,1.3
1000802,84.655273,-69.075661,3744.43,2758.32,20.49,0.6
1000803,84.655190,-69.071877,3747.38,3107.30,18.74,1.8
1000804,84.655167,-69.077621,3747.85,2577.41,20.90,1.6
1000805,84.655136,-69.067398,3749.58,3521.01,18.44,1.7
1000806,84.654999,-69.080521,3753.32,2309.76,21.38,0.6
1000807,84.654922,-69.075569,3756.04,2766.68,20.46,3.4
1000808,84.654884,-69.070381,3757.56,3245.68,20.42,5.2
1000809,84.654762,-69.088371,3760.65,1585.09,20.83,4.5
1000810,84.654549,-69.084358,3767.84,1955.02,20.54,4.0
1000811,84.654518,-69.079559,3769.17,2398.40,20.66,3.9
1000812,84.654526,-69.073380,3769.37,2968.71,18.33,1.6
1000813,84.654434,-69.090027,3771.40,1432.34,20.52,2.1
1000814,84.654388,-69.084099,3773.29,1978.96,21.58,4.3
1000815,84.654335,-69.096519,3774.36,832.84,22.56,4.5
1000816,84.654152,-69.075058,3781.42,2813.86,20.77,5.6
1000817,84.654114,-69.080269,3782.42,2332.70,21.30,0.7
1000818,84.653969,-69.088585,3786.94,1564.86,21.71,12.8
1000819,84.653938,-69.069916,3788.84,3288.40,20.17,6.4
1000820,84.653839,-69.071907,3792.02,3104.67,18.14,1.3
1000821,84.653732,-69.074257,3795.48,2887.77,19.30,3.0
1000822,84.653740,-69.063492,3795.59,3881.38,21.27,1.8
1000823,84.653664,-69.080444,3797.21,2316.85,19.24,3.0
1000824,84.653656,-69.074814,3797.76,2835.98,21.36,3.0
1000825,84.653625,-69.089592,3798.15,1471.98,19.78,4.5
1000826,84.653603,-69.090256,3798.92,1410.66,19.83,3.1
1000827,84.653404,-69.082062,3805.90,2167.41,19.40,1.8
1000828,84.653381,-69.081345,3806.47,2233.63,19.26,2.5
1000829,84.653381,-69.065430,3807.36,3702.42,18.94,2.4
1000830,84.653305,-69.082657,3809.08,2112.60,21.59,5.0
1000831,84.653290,-69.073944,3809.89,2916.21,19.57,4.3
1000832,84.653252,-69.082314,3810.72,2143.88,21.44,1.2
1000833,84.653221,-69.092018,3811.15,1248.02,22.09,4.3
1000834,84.653244,-69.070465,3811.80,3237.88,20.98,0.8
1000835,84.653191,-69.097702,3812.03,723.80,20.72,6.3
1000836,84.652992,-69.099358,3818.26,570.57,19.31,0.2
1000837,84.652939,-69.093880,3820.34,1076.55,23.64,7.5
1000838,84.652916,-69.090927,3821.42,1349.11,24.60,16.2
1000839,84.652885,-69.100014,3821.79,510.08,23.42,39.2
1000840,84.652885,-69.097023,3822.03,786.11,18.64,1.9
1000841,84.652832,-69.088867,3824.15,1538.99,22.41,13.1
1000842,84.652832,-69.078316,3824.95,2513.39,21.23,0.0
1000843,84.652794,-69.081108,3826.06,2255.28,20.51,2.3
1000844,84.652748,-69.064171,3828.47,3818.53,20.12,6.3
1000845,84.652634,-69.081200,3831.14,2247.19,21.82,12.4
1000846,84.652611,-69.094856,3831.17,986.50,22.52,11.7
1000847,84.652611,-69.067123,3832.64,3546.16,19.19,3.0
1000848,84.652565,-69.074860,3833.74,2831.80,19.14,2.4
1000849,84.652542,-69.078827,3834.39,2465.73,20.03,0.8
1000850,84.652565,-69.063873,3834.54,3845.89,21.19,2.8
1000851,84.652405,-69.095352,3838.00,940.41,21.06,8.9
1000852,84.652443,-69.067398,3838.19,3520.92,18.78,1.6
1000853,84.652359,-69.064941,3841.07,3747.47,20.49,20.5
1000854,84.652206,-69.094528,3844.51,1016.48,20.99,7.7
1000855,84.652199,-69.085556,3845.23,1844.88,18.33,1.4
1000856,84.652092,-69.076454,3849.48,2684.96,20.43,0.5
1000857,84.652077,-69.079903,3849.55,2366.49,22.35,0.8
1000858,84.651985,-69.075005,3853.01,2818.34,18.63,1.7
1000859,84.651405,-69.104607,3870.35,86.34,24.54,49.2
1000860,84.651428,-69.076607,3871.27,2670.59,18.93,2.6
1000861,84.651207,-69.091400,3877.58,1305.52,24.17,23.9
1000862,84.651215,-69.078522,3878.04,2494.26,21.89,0.4
1000863,84.651093,-69.078819,3882.14,2466.76,21.28,0.7
1000864,84.651009,-69.081383,3884.71,2229.74,19.80,0.9
1000865,84.650902,-69.077225,3888.57,2613.55,22.45,12.2
1000866,84.650841,-69.083481,3890.24,2036.27,21.28,8.6
1000867,84.650810,-69.078949,3891.37,2454.22,22.17,0.3
1000868,84.650818,-69.075043,3891.50,2814.93,19.36,2.3
1000869,84.650688,-69.084610,3895.19,1931.80,21.24,10.0
1000870,84.650688,-69.083534,3895.21,2031.57,20.30,0.3
1000871,84.650673,-69.066048,3896.77,3645.15,19.98,5.8
1000872,84.650475,-69.100784,3901.23,439.02,22.13,1.7
1000873,84.650391,-69.078880,3905.19,2461.09,19.91,2.5
1000874,84.650154,-69.083282,3912.78,2054.69,23.25,38.9
1000875,84.650085,-69.081444,3915.10,2224.21,21.16,0.3
1000876,84.650070,-69.074936,3916.19,2825.24,18.38,1.6
1000877,84.649925,-69.081902,3920.36,2182.13,19.57,2.6
1000878,84.649681,-69.078163,3928.61,2527.35,19.05,1.7
1000879,84.649681,-69.076073,3928.82,2719.78,20.15,3.4
1000880,84.649597,-69.078835,3931.57,2464.74,19.72,0.2
1000881,84.649521,-69.094345,3933.06,1033.39,23.40,38.4
1000882,84.649559,-69.062332,3933.68,3987.92,21.01,4.3
1000883,84.649483,-69.060371,3936.34,4169.21,20.75,3.8
1000884,84.649300,-69.081894,3941.06,2182.60,21.88,2.8
1000885,84.649261,-69.094513,3941.65,1017.75,22.46,13.5
1000886,84.649216,-69.078018,3943.98,2540.63,19.97,4.7
1000887,84.649170,-69.072289,3945.93,3069.04,18.17,0.7
1000888,84.649033,-69.083862,3949.87,2000.96,21.30,2.7
1000889,84.648911,-69.076721,3954.34,2660.18,21.98,15.2
1000890,84.648865,-69.077568,3955.64,2581.74,19.02,2.3
1000891,84.648682,-69.065765,3962.47,3671.41,20.02,6.3
1000892,84.648529,-69.091469,3965.96,1298.69,19.29,3.0
1000893,84.648529,-69.081917,3966.43,2180.67,18.77,2.2
1000894,84.648483,-69.076347,3968.44,2694.73,19.90,5.2
1000895,84.648224,-69.077744,3976.71,2566.07,20.28,4.7
1000896,84.648125,-69.082321,3979.76,2143.24,21.84,31.2
1000897,84.648003,-69.078804,3983.95,2467.60,21.23,24.8
1000898,84.647919,-69.073151,3987.13,2989.73,19.72,3.8
1000899,84.647812,-69.070030,3990.83,3277.82,19.73,0.5
1000900,84.646965,-69.080498,4017.98,2311.58,19.42,1.9
1000901,84.646942,-69.064491,4019.88,3788.58,19.43,4.1
1000902,84.646767,-69.099663,4023.29,542.83,24.23,44.7
1000903,84.646301,-69.097687,4038.90,724.76,22.64,0.6
1000904,84.646294,-69.060341,4041.40,4171.91,22.76,6.0
1000905,84.645988,-69.063065,4051.52,3920.24,21.82,10.0
1000906,84.645943,-69.075020,4052.06,2817.17,18.04,1.2
1000907,84.645653,-69.082619,4061.26,2115.59,19.43,3.8
1000908,84.645653,-69.065887,4062.33,3660.00,20.15,4.3
1000909,84.645592,-69.080902,4063.40,2273.81,19.33,2.5
1000910,84.645569,-69.080101,4064.16,2348.12,19.01,2.3
1000911,84.645386,-69.078918,4070.18,2456.99,20.92,6.6
1000912,84.645355,-69.068130,4072.06,3453.01,22.52,13.1
1000913,84.644951,-69.079453,4084.55,2407.84,20.79,0.0
1000914,84.644890,-69.071701,4087.01,3123.25,20.36,4.5
1000915,84.644798,-69.079422,4089.64,2411.01,18.72,1.6
1000916,84.644646,-69.092529,4093.67,1201.25,20.28,1.1
1000917,84.644501,-69.089897,4098.67,1443.81,19.45,3.0
1000918,84.644501,-69.069336,4100.19,3341.99,20.76,6.1
1000919,84.644463,-69.074066,4100.94,2905.25,21.85,30.8
1000920,84.644157,-69.087471,4110.23,1668.12,20.26,1.8
1000921,84.644066,-69.074753,4114.11,2841.37,19.28,3.2
1000922,84.643776,-69.074631,4123.65,2852.77,19.67,3.4
1000923,84.643654,-69.095764,4126.15,902.57,21.57,2.3
1000924,84.643692,-69.073662,4126.39,2942.64,23.27,38.2
1000925,84.643509,-69.065048,4133.08,3737.64,22.97,0.9
1000926,84.643471,-69.062363,4134.45,3985.44,19.62,3.4
1000927,84.643425,-69.077438,4135.10,2593.92,24.11,19.1
1000928,84.643311,-69.066925,4139.55,3564.33,18.68,1.9
1000929,84.643250,-69.070595,4141.27,3225.38,20.08,6.3
1000930,84.642914,-69.062225,4152.79,3998.11,22.34,12.4
1000931,84.642807,-69.086288,4154.69,1776.59,21.92,29.5
1000932,84.642654,-69.070740,4160.77,3212.25,21.07,7.8
1000933,84.642471,-69.075363,4166.47,2785.18,19.10,2.7
1000934,84.642395,-69.092819,4167.94,1174.40,20.23,3.7
1000935,84.642403,-69.076973,4168.84,2636.80,20.45,3.8
1000936,84.642326,-69.100098,4169.56,502.40,20.16,4.7
1000937,84.642273,-69.073265,4173.26,2979.28,20.08,5.8
1000938,84.642288,-69.060905,4173.73,4120.07,19.78,4.7
1000939,84.642120,-69.063499,4178.99,3880.27,20.01,2.8
1000940,84.641998,-69.077072,4182.13,2627.46,20.77,5.6
1000941,84.641434,-69.100357,4198.89,478.02,21.73,28.6
1000942,84.641121,-69.084473,4210.54,1944.26,21.43,26.8
1000943,84.640999,-69.086357,4214.35,1770.47,18.86,0.1
1000944,84.640999,-69.074448,4215.18,2869.56,21.61,0.0
1000945,84.640900,-69.067169,4218.92,3541.27,19.16,2.0
1000946,84.640747,-69.063431,4224.29,3886.96,20.35,5.5
1000947,84.640694,-69.083725,4224.51,2013.25,18.69,2.0
1000948,84.640594,-69.090500,4227.39,1388.21,22.30,30.4
1000949,84.640465,-69.075012,4232.74,2817.58,20.57,6.2
1000950,84.640289,-69.061333,4239.62,4080.02,19.84,4.1
1000951,84.640190,-69.089066,4240.68,1520.82,19.10,1.2
1000952,84.639626,-69.066055,4260.95,3644.20,18.91,0.2
1000953,84.639244,-69.099159,4271.02,588.72,25.20,4.8
1000954,84.639267,-69.061195,4273.26,4092.99,23.28,1.4
1000955,84.638466,-69.090195,4297.56,1415.94,18.94,2.6
1000956,84.637512,-69.095879,4328.48,891.54,22.13,31.7
1000957,84.637085,-69.085999,4343.31,1803.80,18.89,2.4
1000958,84.636986,-69.068451,4347.88,3422.98,20.98,8.9
1000959,84.636780,-69.069489,4354.54,3327.36,19.49,3.7
1000960,84.636520,-69.077911,4362.49,2550.10,22.07,15.0
1000961,84.635750,-69.085358,4387.36,1862.71,22.15,1.2
1000962,84.635757,-69.063499,4388.79,3880.22,21.75,1.5
1000963,84.635674,-69.075691,4390.67,2754.71,18.82,1.4
1000964,84.635429,-69.070297,4399.01,3252.40,20.37,3.0
1000965,84.635056,-69.075867,4410.89,2738.63,19.98,2.3
1000966,84.634804,-69.087189,4418.29,1693.48,19.10,2.5
1000967,84.634148,-69.081726,4440.38,2197.93,18.62,1.2
1000968,84.633545,-69.062744,4461.91,3949.62,23.51,17.6
1000969,84.633209,-69.078201,4471.67,2523.13,22.30,32.0
1000970,84.633148,-69.073685,4474.11,2940.06,18.57,1.8
1000971,84.631409,-69.075562,4531.30,2766.68,21.96,31.2
1000972,84.630936,-69.088547,4545.68,1568.04,18.51,0.3
1000973,84.631004,-69.060501,4545.85,4156.55,21.43,4.2
1000974,84.630531,-69.086311,4559.10,1774.20,21.04,0.0
1000975,84.630562,-69.071526,4559.42,3139.47,21.40,23.6
1000976,84.630325,-69.075150,4567.05,2804.94,19.20,2.4
1000977,84.628036,-69.075386,4642.50,2782.82,20.49,21.3
1000978,84.627930,-69.064728,4647.03,3766.23,19.98,5.0
1000979,84.627449,-69.073822,4661.96,2927.12,18.73,2.0
1000980,84.626984,-69.077988,4676.95,2542.45,19.56,2.0
1000981,84.626022,-69.074730,4708.97,2843.60,19.85,4.4
1000982,84.625145,-69.081551,4737.20,2213.99,19.01,2.7
1000983,84.624725,-69.077026,4751.42,2630.99,20.93,3.4
1000984,84.624382,-69.070419,4763.29,3241.07,20.70,22.7
1000985,84.623726,-69.065086,4785.42,3733.48,19.80,4.5
1000986,84.623383,-69.068642,4796.51,3405.08,21.95,11.7
1000987,84.623337,-69.076523,4797.13,2677.71,20.57,6.8
1000988,84.622581,-69.061523,4823.74,4062.12,20.66,21.3
1000989,84.622437,-69.067810,4827.88,3482.08,21.06,5.4
1000990,84.622147,-69.073471,4836.80,2959.57,19.44,4.0
1000991,84.621704,-69.075851,4851.02,2739.60,18.16,1.0
1000992,84.619904,-69.061066,4911.94,4104.39,22.05,30.0
1000993,84.617821,-69.070229,4979.83,3258.39,22.78,15.5
1000994,84.617775,-69.063637,4981.85,3866.55,21.08,10.0
1000995,84.613724,-69.062279,5115.74,3992.27,22.63,1.1
2000000,84.660080,-69.078209,3585.90,2523.25,15.08,99.0
2000001,84.668823,-69.074081,3297.83,2904.45,15.11,99.0
2000002,84.661362,-69.079163,3543.62,2434.90,15.25,99.0
2000003,84.661911,-69.067192,3525.97,3539.99,15.28,99.0
2000004,84.661865,-69.080742,3527.11,2289.15,15.31,99.0
2000005,84.662003,-69.071770,3522.80,3117.56,15.43,99.0
2000006,84.660004,-69.078224,3588.48,2521.57,15.44,99.0
2000007,84.653954,-69.076843,3788.04,2648.99,15.47,99.0
2000008,84.644684,-69.090591,4092.50,1379.56,15.48,99.0
2000009,84.670509,-69.073586,3242.22,2950.02,15.51,99.0
2000010,84.659325,-69.082359,3610.66,2139.84,15.52,99.0
2000011,84.655540,-69.077232,3735.58,2612.81,15.58,99.0
2000012,84.734016,-69.072731,1148.47,3028.24,15.60,99.0
2000013,84.660576,-69.078552,3569.54,2491.61,15.63,99.0
2000014,84.729599,-69.089447,1295.14,1485.62,15.63,99.0
2000015,84.662170,-69.078438,3516.98,2501.94,15.65,99.0
2000016,84.660301,-69.081085,3578.52,2257.56,15.66,99.0
2000017,84.748436,-69.087379,674.54,1676.04,15.69,99.0
2000018,84.664162,-69.077934,3451.30,2548.69,15.70,99.0
2000019,84.654388,-69.093658,3772.76,1096.81,15.70,99.0
2000020,84.657501,-69.060402,3671.86,4166.91,15.71,99.0
2000021,84.671768,-69.063164,3201.07,3911.95,15.73,99.0
2000022,84.661476,-69.078323,3540.05,2512.81,15.74,99.0
2000023,84.662445,-69.077484,3508.08,2590.03,15.75,99.0
2000024,84.660301,-69.078194,3578.54,2524.14,15.76,99.0
2000025,84.658661,-69.063011,3633.48,3926.07,15.77,99.0
2000026,84.658157,-69.077919,3649.40,2549.97,15.78,99.0
2000027,84.679756,-69.071266,2937.47,3163.75,15.80,99.0
2000028,84.697472,-69.072678,2353.32,3034.08,15.81,99.0
2000029,84.663475,-69.079857,3473.97,2370.69,15.87,99.0
2000030,84.681412,-69.082642,2882.66,2114.27,15.90,99.0
2000031,84.659500,-69.078964,3605.00,2453.32,15.91,99.0
2000032,84.658989,-69.095734,3621.10,905.28,15.92,99.0
2000033,84.664070,-69.071510,3454.57,3141.16,15.92,99.0
2000034,84.660385,-69.077812,3575.82,2559.40,15.94,99.0
2000035,84.661690,-69.078514,3532.97,2494.55,15.94,99.0
2000036,84.662064,-69.079681,3520.45,2387.36,15.96,99.0
2000037,84.663239,-69.079033,3481.72,2447.11,15.96,99.0
2000038,84.660027,-69.079048,3587.79,2445.26,15.97,99.0
2000039,84.661896,-69.080238,3525.89,2335.62,15.98,99.0
2000040,84.660965,-69.079468,3556.83,2406.85,15.98,99.0
2000041,84.657791,-69.078583,3661.38,2488.51,15.99,99.0
2000042,84.660965,-69.079468,3556.83,2406.79,16.00,99.0
2000043,84.672661,-69.081482,3171.23,2220.86,16.02,99.0
2000044,84.658455,-69.076210,3639.70,2707.70,16.02,99.0
2000045,84.651848,-69.069000,3857.74,3373.20,16.02,99.0
2000046,84.663841,-69.080902,3461.81,2274.77,16.04,99.0
2000047,84.669785,-69.085693,3265.86,1832.06,16.05,99.0
2000048,84.699921,-69.078049,2272.65,2538.12,16.05,99.0
2000049,84.669159,-69.074890,3286.68,2829.45,16.10,99.0
2000050,84.660713,-69.075905,3565.10,2736.03,16.10,99.0
2000051,84.658089,-69.060623,3652.45,4146.45,16.10,99.0
2000052,84.661652,-69.077538,3534.30,2584.88,16.11,99.0
2000053,84.663635,-69.073456,3468.89,2961.57,16.11,99.0
2000054,84.666534,-69.076485,3373.28,2682.36,16.11,99.0
2000055,84.659569,-69.076431,3602.95,2686.94,16.12,99.0
2000056,84.649384,-69.077492,3938.66,2589.09,16.13,99.0
2000057,84.650162,-69.079163,3912.82,2434.63,16.14,99.0
2000058,84.660782,-69.078880,3562.72,2461.37,16.14,99.0
2000059,84.674385,-69.073578,3114.54,2950.97,16.15,99.0
2000060,84.695168,-69.076218,2429.52,2707.16,16.15,99.0
2000061,84.670029,-69.064461,3258.41,3792.03,16.16,99.0
2000062,84.660759,-69.078804,3563.64,2468.32,16.16,99.0
2000063,84.665459,-69.078262,3408.70,2518.31,16.18,99.0
2000064,84.675064,-69.064720,3092.40,3767.96,16.19,99.0
2000065,84.655182,-69.059326,3748.30,4265.75,16.19,99.0
2000066,84.651649,-69.078239,3863.79,2519.72,16.20,99.0
2000067,84.658524,-69.069893,3637.54,3290.39,16.20,99.0
2000068,84.666496,-69.067039,3374.75,3554.20,16.20,99.0
2000069,84.678146,-69.073235,2990.67,2982.38,16.21,99.0
2000070,84.665817,-69.069176,3397.28,3356.74,16.21,99.0
2000071,84.656975,-69.077705,3688.41,2569.16,16.22,99.0
2000072,84.679665,-69.077370,2940.36,2600.93,16.23,99.0
2000073,84.670486,-69.064896,3243.33,3751.89,16.24,99.0
2000074,84.654167,-69.078636,3780.93,2483.78,16.25,99.0
2000075,84.660057,-69.076447,3586.70,2685.62,16.25,99.0
2000076,84.687141,-69.060715,2694.00,4137.88,16.26,99.0
2000077,84.662483,-69.078018,3506.82,2540.81,16.26,99.0
2000078,84.694130,-69.061806,2463.46,4037.58,16.26,99.0
2000079,84.662628,-69.086716,3501.58,1737.95,16.26,99.0
2000080,84.671234,-69.082565,3218.17,2121.10,16.27,99.0
2000081,84.666550,-69.083778,3372.56,2009.23,16.29,99.0
2000082,84.721390,-69.088562,1565.70,1567.30,16.31,99.0
2000083,84.621017,-69.067886,4874.61,3474.77,16.33,99.0
2000084,84.663696,-69.068436,3467.09,3425.35,16.34,99.0
2000085,84.651756,-69.066734,3861.01,3581.65,16.35,99.0
2000086,84.691231,-69.085983,2559.13,1805.75,16.36,99.0
2000087,84.657890,-69.082840,3657.97,2095.34,16.36,99.0
2000088,84.666245,-69.082314,3382.55,2143.94,16.36,99.0
2000089,84.662468,-69.078819,3507.09,2466.46,16.37,99.0
2000090,84.642502,-69.080399,4165.21,2320.37,16.38,99.0
2000091,84.662956,-69.079308,3491.05,2421.37,16.38,99.0
2000092,84.679092,-69.074600,2959.36,2856.50,16.40,99.0
2000093,84.661949,-69.077858,3524.24,2555.75,16.40,99.0
2000094,84.635094,-69.079277,4409.34,2423.62,16.42,99.0
2000095,84.663742,-69.094910,3464.49,981.52,16.42,99.0
2000096,84.657776,-69.077454,3661.90,2592.81,16.42,99.0
2000097,84.653076,-69.076797,3816.93,2652.84,16.42,99.0
2000098,84.654419,-69.081039,3772.47,2261.60,16.42,99.0
2000099,84.673447,-69.067833,3145.66,3480.99,16.43,99.0
2000100,84.674599,-69.081978,3107.19,2175.02,16.44,99.0
2000101,84.638794,-69.072197,4288.14,3077.74,16.44,99.0
2000102,84.646835,-69.078598,4022.39,2486.81,16.45,99.0
2000103,84.720024,-69.099869,1611.00,523.90,16.46,99.0
2000104,84.659500,-69.095688,3604.37,910.02,16.47,99.0
2000105,84.647858,-69.088493,3988.14,1573.33,16.47,99.0
2000106,84.686539,-69.058578,2714.02,4334.93,16.48,99.0
2000107,84.673019,-69.075279,3159.56,2793.51,16.48,99.0
2000108,84.675011,-69.083954,3093.73,1993.14,16.49,99.0
2000109,84.648994,-69.095818,3950.19,897.71,16.49,99.0
2000110,84.646751,-69.064278,4026.27,3808.57,16.49,99.0
2000111,84.661072,-69.078606,3553.22,2486.32,16.51,99.0
2000112,84.655548,-69.079536,3735.20,2400.52,16.51,99.0
2000113,84.673439,-69.077812,3145.52,2559.47,16.52,99.0
2000114,84.660301,-69.078087,3578.75,2534.53,16.52,99.0
2000115,84.661591,-69.077850,3536.10,2556.29,16.53,99.0
2000116,84.712006,-69.059616,1873.83,4239.21,16.53,99.0
2000117,84.667320,-69.066467,3347.64,3606.62,16.54,99.0
2000118,84.662247,-69.081017,3514.41,2264.00,16.58,99.0
2000119,84.654976,-69.080017,3754.01,2356.30,16.59,99.0
2000120,84.644714,-69.085983,4091.95,1805.12,16.59,99.0
2000121,84.714363,-69.076805,1796.60,2652.38,16.59,99.0
2000122,84.670120,-69.059647,3255.47,4236.54,16.59,99.0
2000123,84.667992,-69.060883,3325.76,4122.38,16.60,99.0
2000124,84.659615,-69.079185,3601.19,2432.65,16.60,99.0
2000125,84.672188,-69.072945,3186.92,3009.32,16.61,99.0
2000126,84.659790,-69.078644,3595.59,2483.05,16.61,99.0
2000127,84.666771,-69.071793,3365.54,3115.19,16.62,99.0
2000128,84.678925,-69.071823,2964.93,3112.82,16.62,99.0
2000129,84.649933,-69.076080,3920.60,2719.35,16.63,99.0
2000130,84.663696,-69.087952,3466.38,1623.86,16.63,99.0
2000131,84.686424,-69.072258,2717.66,3072.69,16.64,99.0
2000132,84.683990,-69.070183,2797.82,3263.86,16.64,99.0
2000133,84.681900,-69.098099,2866.38,687.41,16.64,99.0
2000134,84.690048,-69.081970,2598.22,2176.18,16.65,99.0
2000135,84.664711,-69.078033,3433.28,2539.28,16.66,99.0
2000136,84.655823,-69.075409,3726.50,2781.70,16.67,99.0
2000137,84.673492,-69.072090,3144.06,3087.70,16.67,99.0
2000138,84.660988,-69.078766,3555.91,2471.42,16.67,99.0
2000139,84.663666,-69.076897,3467.70,2644.21,16.70,99.0
2000140,84.659859,-69.078758,3593.25,2472.00,16.72,99.0
2000141,84.657143,-69.078186,3682.86,2525.37,16.74,99.0
2000142,84.659317,-69.079475,3611.10,2405.80,16.75,99.0
2000143,84.662209,-69.079643,3515.73,2390.58,16.75,99.0
2000144,84.657310,-69.077629,3677.33,2576.81,16.75,99.0
2000145,84.679123,-69.084984,2958.07,1897.58,16.76,99.0
2000146,84.679657,-69.066628,2940.81,3592.30,16.76,99.0
2000147,84.665627,-69.084343,3403.01,1956.80,16.77,99.0
2000148,84.625267,-69.075378,4733.72,2783.68,16.77,99.0
2000149,84.731964,-69.074844,1216.30,2833.62,16.77,99.0
2000150,84.648315,-69.078529,3973.61,2493.57,16.78,99.0
2000151,84.652260,-69.077995,3843.84,2542.95,16.79,99.0
2000152,84.657570,-69.069366,3669.08,3339.25,16.79,99.0
2000153,84.698318,-69.082497,2325.66,2127.40,16.80,99.0
2000154,84.679565,-69.085114,2943.49,1885.74,16.82,99.0
2000155,84.661873,-69.078270,3526.87,2517.27,16.82,99.0
2000156,84.661850,-69.082687,3527.54,2109.81,16.84,99.0
2000157,84.663368,-69.070404,3477.79,3243.71,16.86,99.0
2000158,84.659821,-69.078590,3594.35,2487.73,16.87,99.0
2000159,84.655754,-69.078064,3728.45,2536.35,16.88,99.0
2000160,84.655800,-69.079559,3727.01,2398.64,16.89,99.0
2000161,84.666420,-69.085258,3376.64,1872.16,16.91,99.0
2000162,84.657249,-69.079185,3679.14,2432.82,16.92,99.0
2000163,84.663322,-69.078468,3478.94,2498.83,16.96,99.0
2000164,84.683235,-69.083809,2822.73,2006.05,16.97,99.0
2000165,84.657700,-69.066223,3665.04,3629.64,16.98,99.0
2000166,84.677429,-69.074959,3014.25,2823.25,17.02,99.0
2000167,84.663681,-69.064545,3467.82,3784.00,17.06,99.0
2000168,84.659172,-69.079048,3615.74,2445.65,17.07,99.0
2000169,84.657303,-69.077385,3677.45,2599.29,17.07,99.0
2000170,84.650391,-69.078003,3905.23,2542.16,17.08,99.0
2000171,84.662560,-69.079315,3504.05,2421.09,17.09,99.0
2000172,84.658501,-69.091316,3637.43,1313.07,17.17,99.0
2000173,84.659187,-69.078499,3615.25,2496.03,17.25,99.0
2000174,84.659317,-69.079742,3611.03,2381.62,17.25,99.0
2000175,84.669563,-69.073212,3273.48,2984.37,17.28,99.0
2000176,84.678757,-69.074059,2970.51,2906.18,17.31,99.0
2000177,84.661049,-69.078743,3554.02,2473.76,17.33,99.0
2000178,84.676430,-69.077690,3047.07,2571.00,17.33,99.0
2000179,84.650497,-69.064423,3902.61,3795.34,17.34,99.0
2000180,84.655487,-69.076202,3737.38,2708.36,17.36,99.0
2000181,84.675430,-69.062767,3080.37,3948.29,17.37,99.0
2000182,84.671753,-69.069145,3201.53,3360.06,17.40,99.0
2000183,84.661377,-69.072937,3543.42,3009.84,17.42,99.0
2000184,84.650520,-69.073074,3901.41,2996.43,17.44,99.0
2000185,84.672188,-69.072533,3187.06,3046.87,17.46,99.0
2000186,84.652023,-69.065964,3852.11,3653.28,17.51,99.0
2000187,84.660835,-69.078842,3561.14,2464.81,17.53,99.0
2000188,84.646004,-69.084091,4049.65,1979.73,17.55,99.0
2000189,84.659775,-69.078026,3596.10,2540.18,17.65,99.0
2000190,84.681541,-69.082649,2878.37,2113.19,17.90,99.0
2000191,84.645477,-69.065521,4068.03,3694.17,18.05,99.0
2000192,84.642754,-69.081787,4156.71,2192.42,18.19,99.0
2000193,84.655090,-69.066750,3751.04,3580.74,18.39,99.0
2000194,84.656754,-69.065804,3696.26,3668.32,18.86,99.0
2000195,84.659180,-69.081284,3615.48,2239.39,19.12,99.0
2000196,84.665512,-69.090515,3406.50,1387.38,19.13,99.0
2000197,84.650345,-69.080101,3906.65,2348.25,19.16,99.0
2000198,84.661118,-69.065056,3552.26,3737.24,19.23,99.0
2000199,84.635323,-69.064735,4402.96,3766.44,19.24,99.0
2000200,84.658882,-69.079468,3625.29,2407.14,19.25,99.0
2000201,84.647705,-69.063591,3994.82,3871.91,19.30,99.0
2000202,84.690567,-69.085365,2580.97,1862.44,19.34,99.0
2000203,84.668419,-69.076622,3311.08,2669.67,19.27,99.0
2000204,84.664757,-69.081329,3431.76,2235.10,19.34,99.0
2000205,84.659615,-69.082199,3601.01,2155.06,19.50,99.0
2000206,84.673668,-69.067215,3138.34,3537.94,19.43,99.0
2000207,84.665321,-69.072990,3413.35,3004.48,19.43,99.0
2000208,84.744186,-69.072273,813.24,3070.10,19.45,99.0
2000209,84.679993,-69.079315,2929.56,2421.00,19.52,99.0
2000210,84.667542,-69.072876,3340.22,3015.04,19.50,99.0
2000211,84.673302,-69.075554,3150.14,2768.32,19.53,99.0
2000212,84.657692,-69.091385,3664.03,1306.59,19.52,99.0
2000213,84.664482,-69.068092,3441.20,3456.87,19.52,99.0
2000214,84.656563,-69.061607,3702.80,4055.53,19.55,99.0
2000215,84.708603,-69.072769,1986.50,3024.99,19.57,99.0
2000216,84.676659,-69.074944,3039.44,2824.35,19.60,99.0
2000217,84.660988,-69.084091,3555.66,1979.79,19.58,99.0
2000218,84.658714,-69.073814,3631.15,2928.79,19.63,99.0
2000219,84.665710,-69.073349,3400.47,2971.57,19.70,99.0
2000220,84.655296,-69.082848,3743.35,2094.68,19.67,99.0
2000221,84.629333,-69.071732,4599.86,3120.29,19.63,99.0
2000222,84.692574,-69.087532,2515.01,1662.82,19.69,99.0
2000223,84.660736,-69.085907,3564.10,1812.16,19.70,99.0
2000224,84.654221,-69.073578,3779.40,2950.65,19.71,99.0
2000225,84.659500,-69.081871,3604.90,2185.08,19.71,99.0
2000226,84.709778,-69.098045,1948.34,692.55,19.87,99.0
2000227,84.662498,-69.076881,3506.40,2645.82,19.84,99.0
2000228,84.662209,-69.079399,3515.61,2413.33,19.84,99.0
2000229,84.680878,-69.086807,2900.23,1729.48,19.90,99.0
2000230,84.673508,-69.083061,3143.15,2075.03,19.93,99.0
2000231,84.657043,-69.078758,3685.91,2472.02,19.97,99.0
2000232,84.643089,-69.088638,4145.22,1560.23,19.95,99.0
2000233,84.656944,-69.078087,3689.29,2534.47,19.98,99.0
2000234,84.626778,-69.071747,4684.32,3118.97,19.95,99.0
2000235,84.660866,-69.069969,3560.47,3283.28,19.46,99.0
2000236,84.664642,-69.066727,3435.99,3582.69,19.56,99.0
2000237,84.681915,-69.062706,2866.43,3954.49,19.89,99.0
2000238,84.667557,-69.076416,3339.48,2688.66,19.94,99.0
2000239,84.649574,-69.074928,3932.41,2825.36,20.00,99.0
2000240,84.757889,-69.093689,363.62,1093.24,22.93,99.0
2000241,84.753365,-69.087868,512.23,1630.53,22.51,99.0
2000242,84.752213,-69.078133,549.19,2529.18,24.13,99.0
2000243,84.748230,-69.084976,681.10,1897.43,20.61,99.0
2000244,84.747047,-69.098396,721.03,659.37,20.57,99.0
2000245,84.738571,-69.064651,997.74,3774.30,20.57,99.0
3000000,84.686440,-69.091522,2717.13,1294.16,19.92,98.0
3000001,84.726067,-69.060555,1409.90,4152.73,20.12,98.0
3000002,84.655739,-69.083412,3728.68,2042.94,20.18,98.0
3000003,84.659019,-69.060081,3621.86,4196.30,20.28,98.0
3000004,84.681923,-69.061447,2866.12,4070.38,20.34,98.0
3000005,84.680832,-69.065941,2902.22,3655.29,20.15,98.0
3000006,84.714165,-69.094826,1803.77,989.45,20.36,98.0
3000007,84.677383,-69.073212,3015.68,2984.15,20.34,98.0
3000008,84.715858,-69.097862,1748.20,709.25,20.44,98.0
3000009,84.644913,-69.067101,4086.57,3547.88,20.38,98.0
3000010,84.700089,-69.087692,2267.38,1647.62,20.53,98.0
3000011,84.663017,-69.061165,3489.89,4096.60,20.54,98.0
3000012,84.663193,-69.092224,3482.87,1229.68,20.53,98.0
3000013,84.702911,-69.094627,2174.45,1007.84,20.48,98.0
3000014,84.730904,-69.096153,1252.73,866.56,20.52,98.0
3000015,84.692062,-69.059258,2531.66,4272.34,20.66,98.0
3000016,84.659836,-69.098495,3593.18,650.90,20.48,98.0
3000017,84.691368,-69.064583,2554.68,3781.01,20.58,98.0
3000018,84.701973,-69.089554,2205.35,1476.21,20.69,98.0
3000019,84.680740,-69.071449,2905.18,3147.48,20.64,98.0
3000020,84.692039,-69.070549,2532.44,3230.24,20.78,98.0
3000021,84.677162,-69.091614,3022.62,1285.59,20.74,98.0
3000022,84.739174,-69.095192,980.06,954.81,20.72,98.0
3000023,84.746140,-69.085541,749.86,1845.85,20.75,98.0
3000024,84.634155,-69.086174,4439.87,1787.59,20.70,98.0
3000025,84.683510,-69.074219,2813.67,2891.52,20.79,98.0
3000026,84.704056,-69.069878,2136.30,3292.47,20.91,98.0
3000027,84.640732,-69.074501,4223.99,2864.62,20.98,98.0
3000028,84.734322,-69.053833,1137.16,4772.51,20.94,98.0
3000029,84.652260,-69.066582,3844.35,3596.10,20.92,98.0
3000030,84.693710,-69.089920,2477.62,1442.29,20.95,98.0
3000031,84.654381,-69.088493,3773.26,1573.52,20.97,98.0
3000032,84.684883,-69.092041,2768.26,1246.58,20.99,98.0
3000033,84.686989,-69.070442,2699.14,3240.50,21.08,98.0
3000034,84.648750,-69.059647,3960.62,4236.01,21.05,98.0
3000035,84.659363,-69.067741,3610.04,3489.15,21.11,98.0
3000036,84.641609,-69.104126,4192.77,130.53,21.09,98.0
3000037,84.708138,-69.082581,2002.07,2119.75,21.20,98.0
3000038,84.730873,-69.085503,1253.07,1849.81,21.19,98.0
3000039,84.669662,-69.075050,3270.18,2815.00,21.19,98.0
3000040,84.692230,-69.069328,2526.12,3343.11,21.25,98.0
3000041,84.662292,-69.066643,3513.48,3590.35,21.27,98.0
3000042,84.736053,-69.075706,1081.56,2753.55,21.37,98.0
3000043,84.690392,-69.068192,2586.97,3448.01,21.26,98.0
3000044,84.659843,-69.074257,3593.96,2887.92,21.28,98.0
3000045,84.730003,-69.086685,1281.59,1740.21,21.21,98.0
3000046,84.716843,-69.093361,1715.55,1124.61,21.33,98.0
3000047,84.736687,-69.084366,1061.26,1954.26,21.27,98.0
3000048,84.706688,-69.099152,2050.20,589.94,21.47,98.0
3000049,84.691986,-69.080673,2534.34,2295.97,21.39,98.0
3000050,84.709167,-69.076515,1968.03,2679.80,21.49,98.0
3000051,84.699753,-69.074089,2278.35,2903.65,21.38,98.0
3000052,84.728714,-69.084099,1324.17,1979.32,21.42,98.0
3000053,84.760178,-69.091141,288.05,1328.13,21.61,98.0
3000054,84.682602,-69.081596,2843.58,2210.36,21.43,98.0
3000055,84.669289,-69.086823,3282.02,1727.88,21.40,98.0
3000056,84.624809,-69.073494,4748.99,2957.37,21.43,98.0
3000057,84.687302,-69.073753,2688.69,2934.32,21.51,98.0
3000058,84.669914,-69.089127,3261.37,1515.57,21.57,98.0
3000059,84.648880,-69.061310,3956.26,4082.55,21.51,98.0
3000060,84.676987,-69.094749,3028.34,996.84,21.68,98.0
3000061,84.706490,-69.100861,2056.71,432.58,21.62,98.0
3000062,84.699699,-69.077126,2280.11,2623.06,21.64,98.0
3000063,84.626961,-69.071724,4678.20,3120.49,21.68,98.0
3000064,84.703926,-69.071968,2140.51,3099.35,21.77,98.0
3000065,84.691612,-69.082932,2546.69,2087.08,21.71,98.0
3000066,84.723022,-69.085266,1511.74,1871.71,21.71,98.0
3000067,84.685486,-69.080238,2748.47,2335.61,21.78,98.0
3000068,84.726044,-69.076485,1411.63,2682.12,21.85,98.0
3000069,84.752487,-69.084969,540.70,1898.09,21.93,98.0
3000070,84.704979,-69.089676,2106.26,1464.54,21.81,98.0
3000071,84.746666,-69.090569,732.93,1381.77,21.93,98.0
3000072,84.687141,-69.072021,2693.95,3094.15,21.80,98.0
3000073,84.714554,-69.089890,1790.86,1445.01,21.83,98.0
3000074,84.754517,-69.088654,474.27,1558.24,21.91,98.0
3000075,84.742599,-69.095291,867.36,945.69,21.97,98.0
3000076,84.681679,-69.082207,2873.99,2154.35,21.85,98.0
3000077,84.663811,-69.063347,3463.48,3894.68,21.83,98.0
3000078,84.686539,-69.078087,2713.83,2534.47,22.02,98.0
3000079,84.749092,-69.098091,653.66,687.12,21.90,98.0
3000080,84.699646,-69.090332,2282.01,1404.32,22.05,98.0
3000081,84.677223,-69.076782,3021.04,2654.79,21.96,98.0
3000082,84.682823,-69.092804,2836.11,1176.23,21.94,98.0
3000083,84.681534,-69.075378,2878.86,2784.65,21.89,98.0
3000084,84.652023,-69.062317,3852.41,3989.42,22.00,98.0
3000085,84.763702,-69.094566,172.17,1012.04,22.08,98.0
3000086,84.710899,-69.083633,1911.00,2022.10,22.16,98.0
3000087,84.751617,-69.079277,568.87,2423.53,22.15,98.0
3000088,84.653839,-69.071259,3791.97,3164.44,22.18,98.0
3000089,84.702812,-69.077286,2177.49,2608.09,22.28,98.0
3000090,84.668358,-69.065628,3313.43,3684.72,22.38,98.0
3000091,84.748283,-69.087799,679.43,1636.97,22.19,98.0
3000092,84.690094,-69.069382,2596.56,3337.89,22.19,98.0
3000093,84.680855,-69.100769,2900.98,440.79,22.25,98.0
3000094,84.674706,-69.096672,3103.33,819.15,22.18,98.0
3000095,84.736275,-69.067970,1073.84,3467.38,22.28,98.0
3000096,84.753105,-69.093330,521.25,1126.36,22.19,98.0
3000097,84.671967,-69.079735,3194.18,2382.14,22.27,98.0
3000098,84.674606,-69.076393,3107.07,2690.82,22.35,98.0
3000099,84.661919,-69.092255,3524.65,1226.77,22.31,98.0
3000100,84.667419,-69.079742,3343.96,2381.88,22.38,98.0
3000101,84.740929,-69.091164,922.16,1326.66,22.47,98.0
3000102,84.725868,-69.073601,1417.33,2948.25,22.42,98.0
3000103,84.759361,-69.094254,315.32,1040.78,22.56,98.0
3000104,84.755409,-69.092316,445.19,1220.10,22.31,98.0
3000105,84.668625,-69.100952,3303.64,423.67,22.48,98.0
3000106,84.747803,-69.079590,694.66,2394.72,22.59,98.0
3000107,84.676643,-69.076752,3040.07,2657.72,22.45,98.0
3000108,84.726959,-69.067917,1381.06,3472.93,22.50,98.0
3000109,84.658127,-69.068214,3650.85,3445.77,22.66,98.0
3000110,84.682564,-69.099556,2844.63,553.19,22.47,98.0
3000111,84.754707,-69.097710,468.77,721.94,22.61,98.0
3000112,84.679153,-69.074226,2957.33,2890.56,22.43,98.0
3000113,84.735664,-69.091568,1095.46,1289.63,22.65,98.0
3000114,84.738342,-69.098900,1007.83,613.04,22.51,98.0
3000115,84.645096,-69.076950,4079.94,2638.77,22.49,98.0
3000116,84.711464,-69.063339,1891.86,3895.64,22.62,98.0
3000117,84.681183,-69.078568,2890.48,2490.33,22.67,98.0
3000118,84.718819,-69.079887,1650.06,2368.14,22.70,98.0
3000119,84.653519,-69.084763,3801.80,1918.28,22.79,98.0
3000120,84.746712,-69.073257,730.18,2979.38,22.78,98.0
3000121,84.671379,-69.098953,3213.03,608.49,22.79,98.0
3000122,84.680992,-69.080383,2896.63,2322.48,22.77,98.0
3000123,84.736740,-69.077469,1059.21,2591.15,22.84,98.0
3000124,84.659241,-69.090973,3612.90,1344.81,22.83,98.0
3000125,84.685959,-69.078812,2733.01,2467.30,22.81,98.0
3000126,84.637924,-69.094284,4315.06,1038.63,22.87,98.0
3000127,84.739006,-69.094490,985.54,1019.49,23.07,98.0
3000128,84.709961,-69.079613,1941.74,2393.58,23.07,98.0
3000129,84.703438,-69.066727,2156.66,3583.24,23.00,98.0
3000130,84.649597,-69.078842,3931.55,2464.73,23.02,98.0
3000131,84.717239,-69.070320,1701.69,3251.40,23.17,98.0
3000132,84.733391,-69.068398,1169.02,3428.21,23.20,98.0
3000133,84.642387,-69.083076,4168.75,2073.50,23.22,98.0
3000134,84.644196,-69.092369,4108.61,1215.91,23.29,98.0
3000135,84.735886,-69.053688,1085.60,4786.05,23.23,98.0
3000136,84.652992,-69.099358,3818.29,570.59,23.35,98.0
3000137,84.739212,-69.060959,976.31,4114.69,23.55,98.0
3000138,84.647659,-69.077240,3995.34,2612.32,23.82,98.0
3000139,84.643242,-69.084839,4140.37,1910.48,23.86,98.0
