# Region file format: DS9 version 4.1
global color=green dashlist=8 3 width=1 font="helvetica 10 normal roman" select=1 highlite=1 dash=0 fixed=0 edit=1 move=1 delete=1 include=1 source=1
image
circle(4413.52,3811.8,5)
circle(2692.89,4180.52,5)
circle(3325.51,2990.39,5)
circle(3391.6,3991.92,5)
circle(268.77,841.74,5)
circle(299.27,746.67,5)
circle(387.73,1929.36,5)
circle(413.73,1711.24,5)
circle(419.91,1513.12,5)
circle(421.38,1510.09,5)
circle(477.38,747.18,5)
circle(487.53,2082.29,5)
circle(516.75,2393.43,5)
circle(524.74,1587.03,5)
circle(569.71,1976.5,5)
circle(605.04,2121.95,5)
circle(624.26,966.12,5)
circle(655.11,1985.89,5)
circle(671.23,1352.35,5)
circle(671.41,980.2,5)
circle(728.69,2082.62,5)
circle(730.49,3364.59,5)
circle(745.33,2542.97,5)
circle(759.46,2074.0,5)
circle(765.12,3153.71,5)
circle(784.77,3201.05,5)
circle(793.35,1893.21,5)
circle(802.73,1397.52,5)
circle(818.78,1863.51,5)
circle(829.47,961.63,5)
circle(838.55,590.76,5)
circle(840.04,1264.77,5)
circle(855.35,1507.17,5)
circle(863.45,2405.82,5)
circle(880.83,3727.3,5)
circle(883.9,2267.11,5)
circle(886.35,3375.29,5)
circle(898.6,2727.98,5)
circle(900.87,1045.4,5)
circle(917.07,1177.97,5)
circle(927.54,1336.39,5)
circle(935.85,1525.5,5)
circle(940.08,2829.44,5)
circle(945.42,1057.13,5)
circle(953.59,1176.51,5)
circle(972.27,2418.51,5)
circle(975.89,4074.35,5)
circle(976.19,1354.36,5)
circle(983.29,2347.48,5)
circle(995.38,3892.18,5)
circle(1014.29,1905.62,5)
circle(1021.44,1526.45,5)
circle(1021.54,748.43,5)
circle(1028.12,1079.34,5)
circle(1031.6,1930.79,5)
circle(1039.41,3034.82,5)
circle(1043.46,1523.18,5)
circle(1046.58,940.04,5)
circle(1056.92,616.24,5)
circle(1057.15,3718.95,5)
circle(1057.71,2459.94,5)
circle(1059.2,2591.17,5)
circle(1062.64,2720.45,5)
circle(1070.71,2435.71,5)
circle(1089.68,2585.4,5)
circle(1089.78,2347.63,5)
circle(1116.66,2859.39,5)
circle(1117.67,1291.89,5)
circle(1126.47,1717.01,5)
circle(1134.38,955.86,5)
circle(1151.48,3933.94,5)
circle(1153.62,2065.86,5)
circle(1153.7,787.45,5)
circle(1158.9,1789.28,5)
circle(1169.01,3428.2,5)
circle(1183.42,1865.14,5)
circle(1190.45,4131.99,5)
circle(1205.57,1663.0,5)
circle(1214.22,1683.59,5)
circle(1234.79,1550.74,5)
circle(1237.4,1018.55,5)
circle(1237.71,1219.71,5)
circle(1240.38,578.29,5)
circle(1241.57,1970.6,5)
circle(1257.13,2762.55,5)
circle(1263.45,1641.08,5)
circle(1272.06,2607.56,5)
circle(1282.58,4448.26,5)
circle(1285.85,3343.74,5)
circle(1286.84,2791.61,5)
circle(1290.49,2594.72,5)
circle(1290.86,1381.29,5)
circle(1296.09,3304.91,5)
circle(1298.82,2924.44,5)
circle(1298.84,1241.47,5)
circle(1306.58,2564.93,5)
circle(1309.97,930.58,5)
circle(1311.08,2946.29,5)
circle(1322.97,2908.99,5)
circle(1326.09,2679.58,5)
circle(1328.55,3331.14,5)
circle(1335.06,2001.88,5)
circle(1350.18,2296.61,5)
circle(1353.57,2767.83,5)
circle(1359.53,2865.84,5)
circle(1364.7,1304.43,5)
circle(1375.52,816.52,5)
circle(1377.75,1020.17,5)
circle(1382.28,3238.61,5)
circle(1389.14,3438.14,5)
circle(1389.74,2468.11,5)
circle(1393.66,4045.08,5)
circle(1396.63,2434.84,5)
circle(1398.09,2821.12,5)
circle(1403.17,2949.01,5)
circle(1414.75,2673.93,5)
circle(1426.69,1660.13,5)
circle(1450.18,2328.91,5)
circle(1452.35,2813.75,5)
circle(1452.35,1787.22,5)
circle(1462.2,3436.46,5)
circle(1480.84,697.4,5)
circle(1488.08,2812.44,5)
circle(1496.22,3516.26,5)
circle(1496.3,3419.74,5)
circle(1499.63,1887.6,5)
circle(1501.88,2568.36,5)
circle(1503.62,4547.7,5)
circle(1505.42,3497.23,5)
circle(1514.31,3075.53,5)
circle(1519.72,1674.94,5)
circle(1521.49,1637.88,5)
circle(1529.13,3662.5,5)
circle(1529.69,2506.89,5)
circle(1535.02,2824.68,5)
circle(1537.3,3421.71,5)
circle(1539.85,2260.1,5)
circle(1540.02,3203.48,5)
circle(1547.88,692.96,5)
circle(1556.65,1110.96,5)
circle(1566.65,2018.08,5)
circle(1584.58,530.57,5)
circle(1594.57,1869.72,5)
circle(1601.09,2497.99,5)
circle(1606.23,2496.96,5)
circle(1608.22,3627.22,5)
circle(1614.98,3461.62,5)
circle(1628.58,2159.2,5)
circle(1637.83,2401.61,5)
circle(1660.49,2785.45,5)
circle(1668.6,1281.08,5)
circle(1668.95,3653.98,5)
circle(1683.41,928.61,5)
circle(1686.29,1393.83,5)
circle(1692.02,643.94,5)
circle(1697.06,2469.36,5)
circle(1699.41,4705.86,5)
circle(1703.68,2526.67,5)
circle(1706.42,2989.31,5)
circle(1711.31,3260.79,5)
circle(1718.47,630.42,5)
circle(1727.64,1741.21,5)
circle(1731.47,2050.87,5)
circle(1735.87,2241.04,5)
circle(1750.27,1169.84,5)
circle(1760.55,1148.27,5)
circle(1764.63,1347.06,5)
circle(1770.83,2707.77,5)
circle(1775.57,854.59,5)
circle(1777.94,1202.73,5)
circle(1778.36,1351.01,5)
circle(1779.04,1385.22,5)
circle(1779.15,1142.44,5)
circle(1782.88,1776.82,5)
circle(1788.84,3574.83,5)
circle(1796.2,1071.72,5)
circle(1798.48,1287.89,5)
circle(1800.93,2900.79,5)
circle(1818.76,765.15,5)
circle(1820.24,2962.67,5)
circle(1825.9,1752.56,5)
circle(1846.62,3195.04,5)
circle(1847.6,1399.29,5)
circle(1852.58,1930.22,5)
circle(1867.66,2176.26,5)
circle(1871.42,1987.59,5)
circle(1872.44,1927.59,5)
circle(1879.24,1878.87,5)
circle(1879.27,1920.19,5)
circle(1879.95,3008.48,5)
circle(1880.99,922.55,5)
circle(1901.64,2794.64,5)
circle(1909.11,1254.44,5)
circle(1927.86,1882.75,5)
circle(1928.17,1152.29,5)
circle(1932.07,2609.72,5)
circle(1932.88,2694.74,5)
circle(1944.14,716.63,5)
circle(1944.17,2870.04,5)
circle(1945.35,379.54,5)
circle(1947.22,1260.8,5)
circle(1948.32,2627.25,5)
circle(1953.46,2610.8,5)
circle(1957.32,1412.54,5)
circle(1958.02,4487.41,5)
circle(1959.94,2702.53,5)
circle(1962.79,1271.29,5)
circle(1966.73,2415.64,5)
circle(1969.45,848.82,5)
circle(1973.18,3707.17,5)
circle(1975.93,2505.24,5)
circle(1976.32,1139.54,5)
circle(1978.85,394.44,5)
circle(1978.96,1802.26,5)
circle(1983.66,1444.34,5)
circle(1993.73,1431.17,5)
circle(2000.34,2766.52,5)
circle(2001.84,849.63,5)
circle(2006.69,2080.23,5)
circle(2009.8,3564.79,5)
circle(2022.41,1798.55,5)
circle(2023.7,2881.23,5)
circle(2026.2,1009.43,5)
circle(2033.83,1150.72,5)
circle(2034.03,4024.27,5)
circle(2040.38,1428.18,5)
circle(2043.74,493.49,5)
circle(2044.45,2130.91,5)
circle(2046.06,1434.26,5)
circle(2046.61,1610.79,5)
circle(2051.96,1391.85,5)
circle(2062.04,2886.33,5)
circle(2069.3,965.99,5)
circle(2077.85,1841.35,5)
circle(2082.18,1604.52,5)
circle(2087.8,2878.54,5)
circle(2090.37,532.27,5)
circle(2100.14,3070.56,5)
circle(2107.74,1731.91,5)
circle(2112.16,2639.37,5)
circle(2112.38,607.82,5)
circle(2113.1,1948.66,5)
circle(2118.88,1188.95,5)
circle(2119.38,1527.93,5)
circle(2130.87,2190.89,5)
circle(2132.34,2446.2,5)
circle(2134.56,2607.02,5)
circle(2134.95,2066.79,5)
circle(2135.4,2135.85,5)
circle(2137.36,1030.98,5)
circle(2146.69,2910.02,5)
circle(2147.08,1244.75,5)
circle(2151.01,1230.44,5)
circle(2156.63,3583.24,5)
circle(2161.55,1017.05,5)
circle(2166.25,551.05,5)
circle(2177.2,1060.05,5)
circle(2192.75,1879.06,5)
circle(2192.96,4492.19,5)
circle(2204.29,1639.08,5)
circle(2212.25,3854.5,5)
circle(2218.51,2576.54,5)
circle(2226.07,2299.69,5)
circle(2236.5,4357.11,5)
circle(2236.69,2666.99,5)
circle(2252.71,2799.3,5)
circle(2258.41,1508.34,5)
circle(2278.18,1613.46,5)
circle(2283.43,2081.72,5)
circle(2289.5,3627.32,5)
circle(2289.56,2641.33,5)
circle(2290.53,910.65,5)
circle(2291.94,1261.09,5)
circle(2296.93,4291.56,5)
circle(2300.1,2917.88,5)
circle(2307.56,2122.04,5)
circle(2316.14,3170.09,5)
circle(2328.77,2091.94,5)
circle(2338.98,2724.23,5)
circle(2340.38,4380.47,5)
circle(2341.31,3068.4,5)
circle(2342.08,3754.7,5)
circle(2342.95,3128.95,5)
circle(2344.62,1166.85,5)
circle(2345.78,2477.77,5)
circle(2346.91,1982.34,5)
circle(2347.85,1164.68,5)
circle(2352.03,1616.57,5)
circle(2360.52,4411.53,5)
circle(2366.22,2471.12,5)
circle(2366.42,2797.64,5)
circle(2369.74,410.3,5)
circle(2385.52,3678.43,5)
circle(2391.05,3226.08,5)
circle(2405.28,2920.34,5)
circle(2411.23,3494.51,5)
circle(2417.43,2453.89,5)
circle(2420.55,3048.45,5)
circle(2430.03,546.7,5)
circle(2432.8,1707.34,5)
circle(2434.53,497.15,5)
circle(2439.49,2957.9,5)
circle(2440.57,3625.4,5)
circle(2442.58,2780.27,5)
circle(2444.15,2055.2,5)
circle(2446.4,4291.44,5)
circle(2448.2,620.26,5)
circle(2452.47,2636.97,5)
circle(2457.76,3615.38,5)
circle(2457.77,2613.12,5)
circle(2467.59,1211.37,5)
circle(2469.76,3016.7,5)
circle(2474.16,282.03,5)
circle(2476.58,303.76,5)
circle(2479.27,2732.07,5)
circle(2483.3,923.26,5)
circle(2485.73,3276.1,5)
circle(2494.88,3324.01,5)
circle(2509.6,444.05,5)
circle(2509.91,3406.83,5)
circle(2520.04,2454.18,5)
circle(2526.89,4546.09,5)
circle(2527.66,455.75,5)
circle(2531.45,2674.25,5)
circle(2534.28,2350.16,5)
circle(2534.78,1819.36,5)
circle(2539.63,2721.56,5)
circle(2541.96,3730.97,5)
circle(2551.71,2189.17,5)
circle(2559.01,1078.58,5)
circle(2587.4,3318.85,5)
circle(2589.21,2725.85,5)
circle(2589.26,3643.96,5)
circle(2589.28,4253.86,5)
circle(2598.73,1063.38,5)
circle(2600.11,3072.29,5)
circle(2607.27,3546.02,5)
circle(2608.7,2625.97,5)
circle(2615.66,1563.7,5)
circle(2616.67,1876.25,5)
circle(2618.22,3875.3,5)
circle(2618.37,3516.72,5)
circle(2624.32,2331.36,5)
circle(2625.79,402.93,5)
circle(2636.46,2456.06,5)
circle(2647.52,2591.65,5)
circle(2667.17,2916.78,5)
circle(2670.15,927.51,5)
circle(2673.11,2740.17,5)
circle(2674.09,4460.11,5)
circle(2675.47,1175.65,5)
circle(2675.96,2487.14,5)
circle(2680.21,1844.18,5)
circle(2680.49,4215.53,5)
circle(2683.51,2498.98,5)
circle(2688.79,3055.74,5)
circle(2705.61,1633.09,5)
circle(2706.71,646.87,5)
circle(2709.23,4402.59,5)
circle(2709.68,1741.7,5)
circle(2712.83,2219.23,5)
circle(2714.43,4105.19,5)
circle(2719.33,3428.45,5)
circle(2721.0,4122.31,5)
circle(2722.41,2822.04,5)
circle(2724.03,1856.52,5)
circle(2724.81,1923.0,5)
circle(2726.4,3620.2,5)
circle(2731.53,2096.84,5)
circle(2740.64,1680.78,5)
circle(2754.47,2818.88,5)
circle(2754.55,4421.94,5)
circle(2757.98,4451.99,5)
circle(2758.18,3368.52,5)
circle(2759.82,1644.52,5)
circle(2765.44,2845.54,5)
circle(2768.02,2278.62,5)
circle(2774.9,2079.03,5)
circle(2777.72,2035.96,5)
circle(2779.6,285.74,5)
circle(2785.48,870.4,5)
circle(2786.87,3383.25,5)
circle(2787.28,3182.34,5)
circle(2791.78,1921.21,5)
circle(2794.9,3068.27,5)
circle(2797.18,1498.51,5)
circle(2804.53,2027.34,5)
circle(2806.86,1783.36,5)
circle(2811.9,2671.02,5)
circle(2812.73,3175.24,5)
circle(2812.87,336.25,5)
circle(2821.07,2305.75,5)
circle(2821.49,3367.22,5)
circle(2826.44,2941.81,5)
circle(2827.51,1773.9,5)
circle(2828.55,1907.92,5)
circle(2829.47,2089.45,5)
circle(2831.67,657.96,5)
circle(2832.94,2927.75,5)
circle(2834.34,3892.95,5)
circle(2834.37,2484.41,5)
circle(2837.32,4474.24,5)
circle(2838.57,2664.43,5)
circle(2844.78,3969.08,5)
circle(2845.67,1386.16,5)
circle(2845.76,3277.44,5)
circle(2847.6,2554.5,5)
circle(2847.84,2559.3,5)
circle(2848.79,2943.4,5)
circle(2854.38,2792.62,5)
circle(2854.7,2804.9,5)
circle(2859.22,1172.84,5)
circle(2859.85,2933.34,5)
circle(2872.37,2091.69,5)
circle(2873.72,1848.44,5)
circle(2874.25,2751.92,5)
circle(2880.68,2538.72,5)
circle(2881.18,3867.83,5)
circle(2881.58,591.3,5)
circle(2881.66,2921.37,5)
circle(2885.49,3288.03,5)
circle(2887.42,2251.03,5)
circle(2890.53,1863.82,5)
circle(2894.13,1351.32,5)
circle(2896.09,1965.39,5)
circle(2898.12,2420.02,5)
circle(2899.17,1033.99,5)
circle(2899.62,2229.53,5)
circle(2900.95,1917.89,5)
circle(2905.9,3091.05,5)
circle(2909.15,3005.06,5)
circle(2913.06,4261.06,5)
circle(2915.53,1978.16,5)
circle(2917.55,2894.89,5)
circle(2917.68,206.96,5)
circle(2918.99,1623.64,5)
circle(2925.24,2899.52,5)
circle(2927.4,3085.11,5)
circle(2927.75,2076.71,5)
circle(2928.3,3354.77,5)
circle(2929.0,3104.15,5)
circle(2929.39,1834.87,5)
circle(2930.91,2434.41,5)
circle(2934.82,3270.21,5)
circle(2937.27,1076.7,5)
circle(2937.5,2226.88,5)
circle(2944.9,1162.74,5)
circle(2946.07,1829.93,5)
circle(2949.46,2975.43,5)
circle(2960.64,2719.44,5)
circle(2967.26,1565.26,5)
circle(2969.15,413.53,5)
circle(2978.5,2538.96,5)
circle(2981.59,966.19,5)
circle(2982.48,1662.09,5)
circle(2986.02,1956.06,5)
circle(2986.59,2450.06,5)
circle(2992.43,1070.32,5)
circle(2997.21,1511.67,5)
circle(2997.34,1961.55,5)
circle(2998.94,1685.95,5)
circle(3000.68,2325.8,5)
circle(3002.18,2463.82,5)
circle(3004.84,1418.83,5)
circle(3011.67,307.41,5)
circle(3022.09,2166.48,5)
circle(3024.73,1134.2,5)
circle(3032.29,3144.24,5)
circle(3042.14,4408.17,5)
circle(3043.43,2819.12,5)
circle(3046.87,3307.11,5)
circle(3047.85,1347.47,5)
circle(3049.11,2429.24,5)
circle(3049.68,2946.95,5)
circle(3056.58,1785.35,5)
circle(3059.79,2990.74,5)
circle(3062.34,3194.85,5)
circle(3063.28,2050.88,5)
circle(3066.03,2298.69,5)
circle(3069.62,3126.76,5)
circle(3088.0,3191.28,5)
circle(3088.89,2626.96,5)
circle(3090.08,3508.64,5)
circle(3097.72,2393.35,5)
circle(3097.88,2192.49,5)
circle(3099.84,1642.14,5)
circle(3102.56,3253.88,5)
circle(3104.37,3005.95,5)
circle(3112.11,2695.67,5)
circle(3115.03,2380.79,5)
circle(3116.69,753.2,5)
circle(3119.54,3974.55,5)
circle(3126.43,3539.46,5)
circle(3131.91,1458.43,5)
circle(3132.41,4403.65,5)
circle(3134.73,3254.56,5)
circle(3139.16,1419.65,5)
circle(3139.47,2619.13,5)
circle(3141.5,4428.56,5)
circle(3142.91,3930.31,5)
circle(3145.21,2637.66,5)
circle(3145.57,3225.78,5)
circle(3146.87,731.67,5)
circle(3147.52,3208.21,5)
circle(3148.47,3159.61,5)
circle(3148.73,3212.33,5)
circle(3153.19,3238.52,5)
circle(3154.62,2767.33,5)
circle(3157.62,1625.24,5)
circle(3158.21,2300.54,5)
circle(3159.91,4074.91,5)
circle(3160.38,4321.1,5)
circle(3162.23,2959.97,5)
circle(3164.8,3457.12,5)
circle(3166.41,2273.05,5)
circle(3166.75,2879.2,5)
circle(3170.06,2830.58,5)
circle(3173.01,1677.81,5)
circle(3176.42,1725.56,5)
circle(3176.47,3218.05,5)
circle(3176.78,4272.65,5)
circle(3179.33,4090.01,5)
circle(3179.51,2608.04,5)
circle(3180.44,1981.82,5)
circle(3180.47,2532.28,5)
circle(3180.99,1232.3,5)
circle(3183.43,3225.92,5)
circle(3190.01,2054.59,5)
circle(3190.07,3082.35,5)
circle(3191.42,2631.15,5)
circle(3192.53,2367.95,5)
circle(3200.79,2034.82,5)
circle(3200.99,1029.24,5)
circle(3202.79,712.92,5)
circle(3206.83,3149.59,5)
circle(3213.44,1717.7,5)
circle(3216.39,1347.67,5)
circle(3221.24,2790.96,5)
circle(3222.83,2169.25,5)
circle(3224.19,2952.33,5)
circle(3225.39,1676.83,5)
circle(3230.39,2355.94,5)
circle(3230.48,2830.13,5)
circle(3240.02,3124.86,5)
circle(3240.26,1966.35,5)
circle(3240.99,3132.19,5)
circle(3242.05,2604.52,5)
circle(3243.02,723.02,5)
circle(3246.47,2837.32,5)
circle(3247.32,3096.26,5)
circle(3252.16,2125.95,5)
circle(3253.36,1255.35,5)
circle(3257.36,3309.65,5)
circle(3257.73,3145.4,5)
circle(3257.98,1775.19,5)
circle(3260.02,1344.98,5)
circle(3261.25,2942.19,5)
circle(3261.46,2728.06,5)
circle(3262.35,3418.47,5)
circle(3267.34,3112.41,5)
circle(3268.16,1580.29,5)
circle(3269.86,3355.53,5)
circle(3270.63,1608.37,5)
circle(3270.7,2804.04,5)
circle(3272.8,1976.2,5)
circle(3273.54,2810.8,5)
circle(3274.27,209.94,5)
circle(3276.58,2992.11,5)
circle(3280.97,3319.86,5)
circle(3281.47,1630.97,5)
circle(3286.3,206.64,5)
circle(3286.51,2582.12,5)
circle(3291.7,1346.67,5)
circle(3293.0,1391.15,5)
circle(3295.76,2880.07,5)
circle(3296.98,3296.7,5)
circle(3297.07,1935.11,5)
circle(3298.14,2303.31,5)
circle(3299.27,2031.04,5)
circle(3300.86,2781.54,5)
circle(3305.13,3053.45,5)
circle(3307.84,2077.62,5)
circle(3310.72,2144.98,5)
circle(3310.89,2545.26,5)
circle(3311.29,2832.97,5)
circle(3312.45,2530.83,5)
circle(3313.93,1966.14,5)
circle(3314.8,2523.83,5)
circle(3314.82,3651.99,5)
circle(3315.61,589.48,5)
circle(3317.04,2518.6,5)
circle(3317.14,227.25,5)
circle(3318.16,2856.41,5)
circle(3318.68,1958.0,5)
circle(3319.73,4214.78,5)
circle(3320.47,1961.49,5)
circle(3320.57,717.58,5)
circle(3320.69,2147.3,5)
circle(3323.38,3620.23,5)
circle(3329.25,3132.84,5)
circle(3329.58,1766.37,5)
circle(3330.73,1866.46,5)
circle(3333.52,3068.76,5)
circle(3339.12,2263.69,5)
circle(3340.97,3312.67,5)
circle(3341.14,3227.55,5)
circle(3341.93,2475.72,5)
circle(3342.13,2478.71,5)
circle(3342.28,2792.85,5)
circle(3343.78,3254.0,5)
circle(3344.95,230.93,5)
circle(3347.78,1607.75,5)
circle(3349.21,2043.46,5)
circle(3350.74,788.72,5)
circle(3351.81,1384.17,5)
circle(3352.53,2560.43,5)
circle(3354.42,1467.25,5)
circle(3355.02,2807.17,5)
circle(3355.75,2287.58,5)
circle(3360.3,2111.94,5)
circle(3360.37,2321.36,5)
circle(3363.32,3257.86,5)
circle(3363.67,1686.33,5)
circle(3364.88,490.25,5)
circle(3365.26,770.01,5)
circle(3365.27,2401.88,5)
circle(3367.32,2357.69,5)
circle(3369.7,2493.06,5)
circle(3371.57,3232.57,5)
circle(3372.66,1592.3,5)
circle(3373.89,3184.62,5)
circle(3379.6,1674.97,5)
circle(3383.77,2217.55,5)
circle(3385.65,3242.07,5)
circle(3387.49,3162.63,5)
circle(3387.81,3129.76,5)
circle(3388.42,2156.85,5)
circle(3388.48,3251.93,5)
circle(3388.68,1826.2,5)
circle(3392.57,2344.72,5)
circle(3394.17,3410.88,5)
circle(3394.21,2763.28,5)
circle(3397.41,3289.6,5)
circle(3398.63,2692.75,5)
circle(3400.91,2116.09,5)
circle(3402.03,2986.28,5)
circle(3403.76,2606.91,5)
circle(3404.72,3463.25,5)
circle(3406.42,2406.13,5)
circle(3406.48,2782.57,5)
circle(3409.67,4079.91,5)
circle(3411.84,2309.83,5)
circle(3412.62,2538.82,5)
circle(3413.92,3114.78,5)
circle(3414.22,2088.75,5)
circle(3417.45,1721.09,5)
circle(3420.85,2539.77,5)
circle(3423.36,1655.46,5)
circle(3426.89,3916.94,5)
circle(3428.2,3912.09,5)
circle(3429.74,2597.24,5)
circle(3431.9,1285.83,5)
circle(3432.21,1890.42,5)
circle(3433.53,2868.07,5)
circle(3440.44,3263.53,5)
circle(3444.42,1535.41,5)
circle(3445.74,2643.53,5)
circle(3447.07,1913.89,5)
circle(3448.78,3268.64,5)
circle(3456.42,3446.64,5)
circle(3457.02,2717.61,5)
circle(3459.08,2306.85,5)
circle(3459.75,2662.39,5)
circle(3463.28,2011.88,5)
circle(3463.59,1463.97,5)
circle(3464.61,1724.8,5)
circle(3464.67,2791.15,5)
circle(3466.97,3967.53,5)
circle(3467.43,2671.17,5)
circle(3468.09,3542.93,5)
circle(3468.11,2413.89,5)
circle(3468.61,3108.41,5)
circle(3469.42,1106.66,5)
circle(3471.05,2698.83,5)
circle(3472.05,2171.4,5)
circle(3473.01,1184.19,5)
circle(3476.16,1884.74,5)
circle(3477.49,2160.84,5)
circle(3478.87,2126.05,5)
circle(3483.02,2743.67,5)
circle(3485.49,3844.67,5)
circle(3489.49,3260.16,5)
circle(3490.4,2661.79,5)
circle(3496.01,2670.28,5)
circle(3500.64,3529.13,5)
circle(3500.77,2388.63,5)
circle(3505.17,3275.7,5)
circle(3506.05,452.19,5)
circle(3507.62,3280.97,5)
circle(3510.37,3177.08,5)
circle(3510.9,367.22,5)
circle(3511.53,2614.27,5)
circle(3513.5,4077.12,5)
circle(3516.08,2052.03,5)
circle(3516.43,2015.1,5)
circle(3517.66,3917.48,5)
circle(3517.99,2740.77,5)
circle(3518.49,245.41,5)
circle(3520.34,2014.61,5)
circle(3521.81,2712.49,5)
circle(3524.71,1929.48,5)
circle(3529.14,2046.97,5)
circle(3530.3,1850.61,5)
circle(3530.5,2771.0,5)
circle(3530.5,363.66,5)
circle(3538.77,2330.7,5)
circle(3543.06,2707.75,5)
circle(3543.26,2826.51,5)
circle(3545.06,2259.2,5)
circle(3548.39,1830.64,5)
circle(3553.09,3440.16,5)
circle(3557.13,2595.14,5)
circle(3563.18,2649.88,5)
circle(3572.02,1222.41,5)
circle(3574.9,2787.28,5)
circle(3577.31,2923.17,5)
circle(3579.12,3136.94,5)
circle(3579.25,1779.42,5)
circle(3582.77,2823.75,5)
circle(3586.78,2321.24,5)
circle(3588.96,2826.31,5)
circle(3595.98,3303.4,5)
circle(3596.66,3577.23,5)
circle(3597.21,2830.06,5)
circle(3598.34,1475.38,5)
circle(3621.61,2088.08,5)
circle(3623.55,3550.84,5)
circle(3626.27,2828.08,5)
circle(3627.63,4301.43,5)
circle(3630.65,1261.88,5)
circle(3631.1,1753.67,5)
circle(3631.58,1862.51,5)
circle(3632.47,4007.9,5)
circle(3634.56,2051.26,5)
circle(3635.1,2407.95,5)
circle(3637.63,572.68,5)
circle(3637.91,2011.58,5)
circle(3641.97,2510.09,5)
circle(3642.07,2612.55,5)
circle(3644.67,3560.39,5)
circle(3645.24,1057.79,5)
circle(3645.78,2867.52,5)
circle(3651.44,2436.57,5)
circle(3654.54,1966.07,5)
circle(3657.31,2116.64,5)
circle(3658.04,2632.59,5)
circle(3660.41,1768.76,5)
circle(3662.56,3278.44,5)
circle(3664.28,2635.66,5)
circle(3665.37,932.47,5)
circle(3665.71,2388.58,5)
circle(3666.9,2379.29,5)
circle(3667.07,2397.83,5)
circle(3669.3,2667.26,5)
circle(3670.3,3115.98,5)
circle(3672.64,2261.4,5)
circle(3677.51,1367.96,5)
circle(3679.62,1551.74,5)
circle(3684.24,3419.17,5)
circle(3689.43,2442.78,5)
circle(3694.4,3425.3,5)
circle(3694.4,2410.85,5)
circle(3695.27,143.2,5)
circle(3699.18,1231.54,5)
circle(3701.49,4104.67,5)
circle(3702.8,2488.69,5)
circle(3703.55,2171.36,5)
circle(3707.57,3315.72,5)
circle(3710.26,2434.08,5)
circle(3712.57,4057.28,5)
circle(3712.75,360.47,5)
circle(3714.24,575.83,5)
circle(3715.02,1238.28,5)
circle(3719.5,3401.05,5)
circle(3721.67,1778.13,5)
circle(3721.78,3809.96,5)
circle(3722.05,2079.95,5)
circle(3722.21,2180.59,5)
circle(3724.87,2743.16,5)
circle(3726.97,1212.81,5)
circle(3727.27,3643.27,5)
circle(3728.11,1129.08,5)
circle(3731.3,2010.95,5)
circle(3734.46,2867.22,5)
circle(3736.2,2476.33,5)
circle(3737.63,3084.07,5)
circle(3738.67,1818.23,5)
circle(3739.05,3810.99,5)
circle(3741.78,2369.42,5)
circle(3742.79,3004.4,5)
circle(3744.01,3282.4,5)
circle(3744.23,2286.15,5)
circle(3744.43,2758.32,5)
circle(3747.38,3107.3,5)
circle(3747.85,2577.41,5)
circle(3749.58,3521.01,5)
circle(3753.32,2309.76,5)
circle(3756.04,2766.68,5)
circle(3757.56,3245.68,5)
circle(3760.65,1585.09,5)
circle(3767.84,1955.02,5)
circle(3769.17,2398.4,5)
circle(3769.37,2968.71,5)
circle(3771.4,1432.34,5)
circle(3773.29,1978.96,5)
circle(3774.36,832.84,5)
circle(3781.42,2813.86,5)
circle(3782.42,2332.7,5)
circle(3786.94,1564.86,5)
circle(3788.84,3288.4,5)
circle(3792.02,3104.67,5)
circle(3795.48,2887.77,5)
circle(3795.59,3881.38,5)
circle(3797.21,2316.85,5)
circle(3797.76,2835.98,5)
circle(3798.15,1471.98,5)
circle(3798.92,1410.66,5)
circle(3805.9,2167.41,5)
circle(3806.47,2233.63,5)
circle(3807.36,3702.42,5)
circle(3809.08,2112.6,5)
circle(3809.89,2916.21,5)
circle(3810.72,2143.88,5)
circle(3811.15,1248.02,5)
circle(3811.8,3237.88,5)
circle(3812.03,723.8,5)
circle(3818.26,570.57,5)
circle(3820.34,1076.55,5)
circle(3821.42,1349.11,5)
circle(3821.79,510.08,5)
circle(3822.03,786.11,5)
circle(3824.15,1538.99,5)
circle(3824.95,2513.39,5)
circle(3826.06,2255.28,5)
circle(3828.47,3818.53,5)
circle(3831.14,2247.19,5)
circle(3831.17,986.5,5)
circle(3832.64,3546.16,5)
circle(3833.74,2831.8,5)
circle(3834.39,2465.73,5)
circle(3834.54,3845.89,5)
circle(3838.0,940.41,5)
circle(3838.19,3520.92,5)
circle(3841.07,3747.47,5)
circle(3844.51,1016.48,5)
circle(3845.23,1844.88,5)
circle(3849.48,2684.96,5)
circle(3849.55,2366.49,5)
circle(3853.01,2818.34,5)
circle(3870.35,86.34,5)
circle(3871.27,2670.59,5)
circle(3877.58,1305.52,5)
circle(3878.04,2494.26,5)
circle(3882.14,2466.76,5)
circle(3884.71,2229.74,5)
circle(3888.57,2613.55,5)
circle(3890.24,2036.27,5)
circle(3891.37,2454.22,5)
circle(3891.5,2814.93,5)
circle(3895.19,1931.8,5)
circle(3895.21,2031.57,5)
circle(3896.77,3645.15,5)
circle(3901.23,439.02,5)
circle(3905.19,2461.09,5)
circle(3912.78,2054.69,5)
circle(3915.1,2224.21,5)
circle(3916.19,2825.24,5)
circle(3920.36,2182.13,5)
circle(3928.61,2527.35,5)
circle(3928.82,2719.78,5)
circle(3931.57,2464.74,5)
circle(3933.06,1033.39,5)
circle(3933.68,3987.92,5)
circle(3936.34,4169.21,5)
circle(3941.06,2182.6,5)
circle(3941.65,1017.75,5)
circle(3943.98,2540.63,5)
circle(3945.93,3069.04,5)
circle(3949.87,2000.96,5)
circle(3954.34,2660.18,5)
circle(3955.64,2581.74,5)
circle(3962.47,3671.41,5)
circle(3965.96,1298.69,5)
circle(3966.43,2180.67,5)
circle(3968.44,2694.73,5)
circle(3976.71,2566.07,5)
circle(3979.76,2143.24,5)
circle(3983.95,2467.6,5)
circle(3987.13,2989.73,5)
circle(3990.83,3277.82,5)
circle(4017.98,2311.58,5)
circle(4019.88,3788.58,5)
circle(4023.29,542.83,5)
circle(4038.9,724.76,5)
circle(4041.4,4171.91,5)
circle(4051.52,3920.24,5)
circle(4052.06,2817.17,5)
circle(4061.26,2115.59,5)
circle(4062.33,3660.0,5)
circle(4063.4,2273.81,5)
circle(4064.16,2348.12,5)
circle(4070.18,2456.99,5)
circle(4072.06,3453.01,5)
circle(4084.55,2407.84,5)
circle(4087.01,3123.25,5)
circle(4089.64,2411.01,5)
circle(4093.67,1201.25,5)
circle(4098.67,1443.81,5)
circle(4100.19,3341.99,5)
circle(4100.94,2905.25,5)
circle(4110.23,1668.12,5)
circle(4114.11,2841.37,5)
circle(4123.65,2852.77,5)
circle(4126.15,902.57,5)
circle(4126.39,2942.64,5)
circle(4133.08,3737.64,5)
circle(4134.45,3985.44,5)
circle(4135.1,2593.92,5)
circle(4139.55,3564.33,5)
circle(4141.27,3225.38,5)
circle(4152.79,3998.11,5)
circle(4154.69,1776.59,5)
circle(4160.77,3212.25,5)
circle(4166.47,2785.18,5)
circle(4167.94,1174.4,5)
circle(4168.84,2636.8,5)
circle(4169.56,502.4,5)
circle(4173.26,2979.28,5)
circle(4173.73,4120.07,5)
circle(4178.99,3880.27,5)
circle(4182.13,2627.46,5)
circle(4198.89,478.02,5)
circle(4210.54,1944.26,5)
circle(4214.35,1770.47,5)
circle(4215.18,2869.56,5)
circle(4218.92,3541.27,5)
circle(4224.29,3886.96,5)
circle(4224.51,2013.25,5)
circle(4227.39,1388.21,5)
circle(4232.74,2817.58,5)
circle(4239.62,4080.02,5)
circle(4240.68,1520.82,5)
circle(4260.95,3644.2,5)
circle(4271.02,588.72,5)
circle(4273.26,4092.99,5)
circle(4297.56,1415.94,5)
circle(4328.48,891.54,5)
circle(4343.31,1803.8,5)
circle(4347.88,3422.98,5)
circle(4354.54,3327.36,5)
circle(4362.49,2550.1,5)
circle(4387.36,1862.71,5)
circle(4388.79,3880.22,5)
circle(4390.67,2754.71,5)
circle(4399.01,3252.4,5)
circle(4410.89,2738.63,5)
circle(4418.29,1693.48,5)
circle(4440.38,2197.93,5)
circle(4461.91,3949.62,5)
circle(4471.67,2523.13,5)
circle(4474.11,2940.06,5)
circle(4531.3,2766.68,5)
circle(4545.68,1568.04,5)
circle(4545.85,4156.55,5)
circle(4559.1,1774.2,5)
circle(4559.42,3139.47,5)
circle(4567.05,2804.94,5)
circle(4642.5,2782.82,5)
circle(4647.03,3766.23,5)
circle(4661.96,2927.12,5)
circle(4676.95,2542.45,5)
circle(4708.97,2843.6,5)
circle(4737.2,2213.99,5)
circle(4751.42,2630.99,5)
circle(4763.29,3241.07,5)
circle(4785.42,3733.48,5)
circle(4796.51,3405.08,5)
circle(4797.13,2677.71,5)
circle(4823.74,4062.12,5)
circle(4827.88,3482.08,5)
circle(4836.8,2959.57,5)
circle(4851.02,2739.6,5)
circle(4911.94,4104.39,5)
circle(4979.83,3258.39,5)
circle(4981.85,3866.55,5)
circle(5115.74,3992.27,5)
circle(3585.9,2523.25,5)
circle(3297.83,2904.45,5)
circle(3543.62,2434.9,5)
circle(3525.97,3539.99,5)
circle(3527.11,2289.15,5)
circle(3522.8,3117.56,5)
circle(3588.48,2521.57,5)
circle(3788.04,2648.99,5)
circle(4092.5,1379.56,5)
circle(3242.22,2950.02,5)
circle(3610.66,2139.84,5)
circle(3735.58,2612.81,5)
circle(1148.47,3028.24,5)
circle(3569.54,2491.61,5)
circle(1295.14,1485.62,5)
circle(3516.98,2501.94,5)
circle(3578.52,2257.56,5)
circle(674.54,1676.04,5)
circle(3451.3,2548.69,5)
circle(3772.76,1096.81,5)
circle(3671.86,4166.91,5)
circle(3201.07,3911.95,5)
circle(3540.05,2512.81,5)
circle(3508.08,2590.03,5)
circle(3578.54,2524.14,5)
circle(3633.48,3926.07,5)
circle(3649.4,2549.97,5)
circle(2937.47,3163.75,5)
circle(2353.32,3034.08,5)
circle(3473.97,2370.69,5)
circle(2882.66,2114.27,5)
circle(3605.0,2453.32,5)
circle(3621.1,905.28,5)
circle(3454.57,3141.16,5)
circle(3575.82,2559.4,5)
circle(3532.97,2494.55,5)
circle(3520.45,2387.36,5)
circle(3481.72,2447.11,5)
circle(3587.79,2445.26,5)
circle(3525.89,2335.62,5)
circle(3556.83,2406.85,5)
circle(3661.38,2488.51,5)
circle(3556.83,2406.79,5)
circle(3171.23,2220.86,5)
circle(3639.7,2707.7,5)
circle(3857.74,3373.2,5)
circle(3461.81,2274.77,5)
circle(3265.86,1832.06,5)
circle(2272.65,2538.12,5)
circle(3286.68,2829.45,5)
circle(3565.1,2736.03,5)
circle(3652.45,4146.45,5)
circle(3534.3,2584.88,5)
circle(3468.89,2961.57,5)
circle(3373.28,2682.36,5)
circle(3602.95,2686.94,5)
circle(3938.66,2589.09,5)
circle(3912.82,2434.63,5)
circle(3562.72,2461.37,5)
circle(3114.54,2950.97,5)
circle(2429.52,2707.16,5)
circle(3258.41,3792.03,5)
circle(3563.64,2468.32,5)
circle(3408.7,2518.31,5)
circle(3092.4,3767.96,5)
circle(3748.3,4265.75,5)
circle(3863.79,2519.72,5)
circle(3637.54,3290.39,5)
circle(3374.75,3554.2,5)
circle(2990.67,2982.38,5)
circle(3397.28,3356.74,5)
circle(3688.41,2569.16,5)
circle(2940.36,2600.93,5)
circle(3243.33,3751.89,5)
circle(3780.93,2483.78,5)
circle(3586.7,2685.62,5)
circle(2694.0,4137.88,5)
circle(3506.82,2540.81,5)
circle(2463.46,4037.58,5)
circle(3501.58,1737.95,5)
circle(3218.17,2121.1,5)
circle(3372.56,2009.23,5)
circle(1565.7,1567.3,5)
circle(4874.61,3474.77,5)
circle(3467.09,3425.35,5)
circle(3861.01,3581.65,5)
circle(2559.13,1805.75,5)
circle(3657.97,2095.34,5)
circle(3382.55,2143.94,5)
circle(3507.09,2466.46,5)
circle(4165.21,2320.37,5)
circle(3491.05,2421.37,5)
circle(2959.36,2856.5,5)
circle(3524.24,2555.75,5)
circle(4409.34,2423.62,5)
circle(3464.49,981.52,5)
circle(3661.9,2592.81,5)
circle(3816.93,2652.84,5)
circle(3772.47,2261.6,5)
circle(3145.66,3480.99,5)
circle(3107.19,2175.02,5)
circle(4288.14,3077.74,5)
circle(4022.39,2486.81,5)
circle(1611.0,523.9,5)
circle(3604.37,910.02,5)
circle(3988.14,1573.33,5)
circle(2714.02,4334.93,5)
circle(3159.56,2793.51,5)
circle(3093.73,1993.14,5)
circle(3950.19,897.71,5)
circle(4026.27,3808.57,5)
circle(3553.22,2486.32,5)
circle(3735.2,2400.52,5)
circle(3145.52,2559.47,5)
circle(3578.75,2534.53,5)
circle(3536.1,2556.29,5)
circle(1873.83,4239.21,5)
circle(3347.64,3606.62,5)
circle(3514.41,2264.0,5)
circle(3754.01,2356.3,5)
circle(4091.95,1805.12,5)
circle(1796.6,2652.38,5)
circle(3255.47,4236.54,5)
circle(3325.76,4122.38,5)
circle(3601.19,2432.65,5)
circle(3186.92,3009.32,5)
circle(3595.59,2483.05,5)
circle(3365.54,3115.19,5)
circle(2964.93,3112.82,5)
circle(3920.6,2719.35,5)
circle(3466.38,1623.86,5)
circle(2717.66,3072.69,5)
circle(2797.82,3263.86,5)
circle(2866.38,687.41,5)
circle(2598.22,2176.18,5)
circle(3433.28,2539.28,5)
circle(3726.5,2781.7,5)
circle(3144.06,3087.7,5)
circle(3555.91,2471.42,5)
circle(3467.7,2644.21,5)
circle(3593.25,2472.0,5)
circle(3682.86,2525.37,5)
circle(3611.1,2405.8,5)
circle(3515.73,2390.58,5)
circle(3677.33,2576.81,5)
circle(2958.07,1897.58,5)
circle(2940.81,3592.3,5)
circle(3403.01,1956.8,5)
circle(4733.72,2783.68,5)
circle(1216.3,2833.62,5)
circle(3973.61,2493.57,5)
circle(3843.84,2542.95,5)
circle(3669.08,3339.25,5)
circle(2325.66,2127.4,5)
circle(2943.49,1885.74,5)
circle(3526.87,2517.27,5)
circle(3527.54,2109.81,5)
circle(3477.79,3243.71,5)
circle(3594.35,2487.73,5)
circle(3728.45,2536.35,5)
circle(3727.01,2398.64,5)
circle(3376.64,1872.16,5)
circle(3679.14,2432.82,5)
circle(3478.94,2498.83,5)
circle(2822.73,2006.05,5)
circle(3665.04,3629.64,5)
circle(3014.25,2823.25,5)
circle(3467.82,3784.0,5)
circle(3615.74,2445.65,5)
circle(3677.45,2599.29,5)
circle(3905.23,2542.16,5)
circle(3504.05,2421.09,5)
circle(3637.43,1313.07,5)
circle(3615.25,2496.03,5)
circle(3611.03,2381.62,5)
circle(3273.48,2984.37,5)
circle(2970.51,2906.18,5)
circle(3554.02,2473.76,5)
circle(3047.07,2571.0,5)
circle(3902.61,3795.34,5)
circle(3737.38,2708.36,5)
circle(3080.37,3948.29,5)
circle(3201.53,3360.06,5)
circle(3543.42,3009.84,5)
circle(3901.41,2996.43,5)
circle(3187.06,3046.87,5)
circle(3852.11,3653.28,5)
circle(3561.14,2464.81,5)
circle(4049.65,1979.73,5)
circle(3596.1,2540.18,5)
circle(2878.37,2113.19,5)
circle(4068.03,3694.17,5)
circle(4156.71,2192.42,5)
circle(3751.04,3580.74,5)
circle(3696.26,3668.32,5)
circle(3615.48,2239.39,5)
circle(3406.5,1387.38,5)
circle(3906.65,2348.25,5)
circle(3552.26,3737.24,5)
circle(4402.96,3766.44,5)
circle(3625.29,2407.14,5)
circle(3994.82,3871.91,5)
circle(2580.97,1862.44,5)
circle(3311.08,2669.67,5)
circle(3431.76,2235.1,5)
circle(3601.01,2155.06,5)
circle(3138.34,3537.94,5)
circle(3413.35,3004.48,5)
circle(813.24,3070.1,5)
circle(2929.56,2421.0,5)
circle(3340.22,3015.04,5)
circle(3150.14,2768.32,5)
circle(3664.03,1306.59,5)
circle(3441.2,3456.87,5)
circle(3702.8,4055.53,5)
circle(1986.5,3024.99,5)
circle(3039.44,2824.35,5)
circle(3555.66,1979.79,5)
circle(3631.15,2928.79,5)
circle(3400.47,2971.57,5)
circle(3743.35,2094.68,5)
circle(4599.86,3120.29,5)
circle(2515.01,1662.82,5)
circle(3564.1,1812.16,5)
circle(3779.4,2950.65,5)
circle(3604.9,2185.08,5)
circle(1948.34,692.55,5)
circle(3506.4,2645.82,5)
circle(3515.61,2413.33,5)
circle(2900.23,1729.48,5)
circle(3143.15,2075.03,5)
circle(3685.91,2472.02,5)
circle(4145.22,1560.23,5)
circle(3689.29,2534.47,5)
circle(4684.32,3118.97,5)
circle(3560.47,3283.28,5)
circle(3435.99,3582.69,5)
circle(2866.43,3954.49,5)
circle(3339.48,2688.66,5)
circle(3932.41,2825.36,5)
circle(363.62,1093.24,5)
circle(512.23,1630.53,5)
circle(549.19,2529.18,5)
circle(681.1,1897.43,5)
circle(721.03,659.37,5)
circle(997.74,3774.3,5)
circle(2717.13,1294.16,5)
circle(1409.9,4152.73,5)
circle(3728.68,2042.94,5)
circle(3621.86,4196.3,5)
circle(2866.12,4070.38,5)
circle(2902.22,3655.29,5)
circle(1803.77,989.45,5)
circle(3015.68,2984.15,5)
circle(1748.2,709.25,5)
circle(4086.57,3547.88,5)
circle(2267.38,1647.62,5)
circle(3489.89,4096.6,5)
circle(3482.87,1229.68,5)
circle(2174.45,1007.84,5)
circle(1252.73,866.56,5)
circle(2531.66,4272.34,5)
circle(3593.18,650.9,5)
circle(2554.68,3781.01,5)
circle(2205.35,1476.21,5)
circle(2905.18,3147.48,5)
circle(2532.44,3230.24,5)
circle(3022.62,1285.59,5)
circle(980.06,954.81,5)
circle(749.86,1845.85,5)
circle(4439.87,1787.59,5)
circle(2813.67,2891.52,5)
circle(2136.3,3292.47,5)
circle(4223.99,2864.62,5)
circle(1137.16,4772.51,5)
circle(3844.35,3596.1,5)
circle(2477.62,1442.29,5)
circle(3773.26,1573.52,5)
circle(2768.26,1246.58,5)
circle(2699.14,3240.5,5)
circle(3960.62,4236.01,5)
circle(3610.04,3489.15,5)
circle(4192.77,130.53,5)
circle(2002.07,2119.75,5)
circle(1253.07,1849.81,5)
circle(3270.18,2815.0,5)
circle(2526.12,3343.11,5)
circle(3513.48,3590.35,5)
circle(1081.56,2753.55,5)
circle(2586.97,3448.01,5)
circle(3593.96,2887.92,5)
circle(1281.59,1740.21,5)
circle(1715.55,1124.61,5)
circle(1061.26,1954.26,5)
circle(2050.2,589.94,5)
circle(2534.34,2295.97,5)
circle(1968.03,2679.8,5)
circle(2278.35,2903.65,5)
circle(1324.17,1979.32,5)
circle(288.05,1328.13,5)
circle(2843.58,2210.36,5)
circle(3282.02,1727.88,5)
circle(4748.99,2957.37,5)
circle(2688.69,2934.32,5)
circle(3261.37,1515.57,5)
circle(3956.26,4082.55,5)
circle(3028.34,996.84,5)
circle(2056.71,432.58,5)
circle(2280.11,2623.06,5)
circle(4678.2,3120.49,5)
circle(2140.51,3099.35,5)
circle(2546.69,2087.08,5)
circle(1511.74,1871.71,5)
circle(2748.47,2335.61,5)
circle(1411.63,2682.12,5)
circle(540.7,1898.09,5)
circle(2106.26,1464.54,5)
circle(732.93,1381.77,5)
circle(2693.95,3094.15,5)
circle(1790.86,1445.01,5)
circle(474.27,1558.24,5)
circle(867.36,945.69,5)
circle(2873.99,2154.35,5)
circle(3463.48,3894.68,5)
circle(2713.83,2534.47,5)
circle(653.66,687.12,5)
circle(2282.01,1404.32,5)
circle(3021.04,2654.79,5)
circle(2836.11,1176.23,5)
circle(2878.86,2784.65,5)
circle(3852.41,3989.42,5)
circle(172.17,1012.04,5)
circle(1911.0,2022.1,5)
circle(568.87,2423.53,5)
circle(3791.97,3164.44,5)
circle(2177.49,2608.09,5)
circle(3313.43,3684.72,5)
circle(679.43,1636.97,5)
circle(2596.56,3337.89,5)
circle(2900.98,440.79,5)
circle(3103.33,819.15,5)
circle(1073.84,3467.38,5)
circle(521.25,1126.36,5)
circle(3194.18,2382.14,5)
circle(3107.07,2690.82,5)
circle(3524.65,1226.77,5)
circle(3343.96,2381.88,5)
circle(922.16,1326.66,5)
circle(1417.33,2948.25,5)
circle(315.32,1040.78,5)
circle(445.19,1220.1,5)
circle(3303.64,423.67,5)
circle(694.66,2394.72,5)
circle(3040.07,2657.72,5)
circle(1381.06,3472.93,5)
circle(3650.85,3445.77,5)
circle(2844.63,553.19,5)
circle(468.77,721.94,5)
circle(2957.33,2890.56,5)
circle(1095.46,1289.63,5)
circle(1007.83,613.04,5)
circle(4079.94,2638.77,5)
circle(1891.86,3895.64,5)
circle(2890.48,2490.33,5)
circle(1650.06,2368.14,5)
circle(3801.8,1918.28,5)
circle(730.18,2979.38,5)
circle(3213.03,608.49,5)
circle(2896.63,2322.48,5)
circle(1059.21,2591.15,5)
circle(3612.9,1344.81,5)
circle(2733.01,2467.3,5)
circle(4315.06,1038.63,5)
circle(985.54,1019.49,5)
circle(1941.74,2393.58,5)
circle(2156.66,3583.24,5)
circle(3931.55,2464.73,5)
circle(1701.69,3251.4,5)
circle(1169.02,3428.21,5)
circle(4168.75,2073.5,5)
circle(4108.61,1215.91,5)
circle(1085.6,4786.05,5)
circle(3818.29,570.59,5)
circle(976.31,4114.69,5)
circle(3995.34,2612.32,5)
circle(4140.37,1910.48,5)
